229
245
202
169
191
150
289
275
142
179
280
292
280
136
171
299
287
112
145
267
292
195
221
200
268
271
177
148
231
251
278
206
191
218
339
150
227
243
222
261
214
186
233
236
209
290
235
158
271
205
166
201
303
222
312
151
180
222
257
240
209
193
168
312
219
86
235
332
245
130
234
184
279
238
163
156
316
209
206
195
166
367
251
82
189
285
240
141
200
179
333
203
162
191
275
284
270
128
197
293
287
174
163
237
236
215
215
231
308
233
183
168
219
205
255
261
182
235
306
175
242
204
231
273
258
125
234
231
203
309
237
134
251
244
114
165
241
275
279
139
184
214
317
174
223
181
218
251
207
118
189
398
228
95
229
251
251
181
140
161
339
188
229
176
233
312
265
96
199
295
200
195
146
234
325
177
174
225
297
208
258
142
175
267
280
169
226
251
244
231
215
208
251
250
158
212
269
163
268
290
192
187
275
180
211
219
216
269
324
103
228
219
220
281
227
126
213
287
160
121
235
322
281
128
147
233
278
189
208
170
271
242
241
130
231
367
191
126
212
287
289
172
113
216
333
158
201
209
226
316
294
61
264
266
234
201
193
208
269
235
132
294
297
209
231
183
157
233
277
190
257
212
257
202
258
167
264
275
175
196
227
209
234
339
184
169
288
193
207
157
200
281
320
97
230
233
240
263
195
156
241
261
150
147
225
339
319
64
173
255
265
134
183
175
250
263
210
143
268
327
203
138
236
248
275
180
107
247
359
132
215
250
216
275
245
108
221
262
225
196
273
174
319
207
170
243
255
232
192
225
166
232
258
257
225
173
232
207
251
148
279
244
262
141
239
205
247
317
134
201
202
262
215
133
202
334
320
47
222
227
239
234
204
147
298
263
140
191
231
347
241
103
156
303
332
75
184
200
282
191
201
182
257
339
193
132
268
258
279
205
150
223
319
154
205
297
248
235
232
153
205
243
192
253
252
173
294
198
209
202
291
220
242
186
171
229
242
304
223
194
201
260
197
114
229
258
252
133
258
184
289
253
148
181
239
228
195
165
164
386
323
14
221
264
228
175
209
128
319
250
157
164
280
303
247
144
155
307
270
131
136
247
304
171
242
199
281
261
189
144
244
250
266
211
186
239
321
166
209
267
202
260
204
158
259
213
215
274
251
140
261
237
160
223
276
238
310
158
177
225
275
236
217
178
161
291
219
86
223
322
221
128
207
213
262
242
149
168
333
184
231
175
198
357
286
61
198
334
239
172
164
185
325
223
144
195
299
268
282
117
210
272
287
166
181
235
230
227
198
266
287
232
172
189
244
186
265
228
201
196
316
163
246
231
200
283
227
144
217
226
199
325
276
109
270
250
152
149
247
256
302
160
163
225
289
206
189
175
196
263
227
96
197
349
251
58
216
256
251
195
118
191
306
211
204
162
245
333
294
67
224
303
227
172
126
226
347
206
153
242
275
237
235
133
188
276
311
142
255
219
270
191
219
236
241
277
121
233
249
195
248
266
196
167
305
168
233
212
225
250
307
114
221
231
200
309
216
139
194
301
168
127
256
285
312
134
151
217
274
201
192
195
250
275
213
140
215
328
218
101
224
281
306
148
119
204
323
182
189
203
218
331
284
77
254
279
246
203
203
178
299
220
157
281
303
206
216
197
159
247
266
195
246
218
267
188
277
156
279
273
171
188
232
214
224
334
169
186
266
215
187
151
198
276
324
77
246
204
244
241
221
146
225
297
132
165
196
345
315
93
164
266
273
112
199
178
265
250
220
133
266
331
193
140
217
285
258
178
79
249
382
115
230
224
230
259
266
99
222
295
222
215
239
190
309
215
170
253
283
212
196
224
189
215
272
237
247
193
218
221
220
175
268
261
245
160
258
182
259
280
165
166
222
268
209
148
173
334
299
84
197
202
219
232
237
134
309
255
164
171
227
318
268
128
155
322
298
99
160
210
280
217
229
154
275
306
218
107
261
257
277
231
118
251
282
181
188
265
258
242
255
134
228
229
227
228
236
183
302
207
188
227
275
253
217
183
172
236
257
265
264
174
225
230
193
116
233
303
233
164
244
204
277
235
166
165
275
218
213
154
153
359
300
39
196
258
182
195
190
147
290
238
167
160
297
266
282
138
169
293
274
137
118
288
283
214
220
199
267
252
198
123
254
230
287
207
192
219
301
182
203
259
202
273
210
186
237
204
233
268
271
126
285
204
167
200
272
245
285
172
163
239
258
239
210
190
185
287
246
65
246
338
243
128
226
206
260
255
138
183
315
206
207
181
178
346
282
47
208
289
243
140
176
187
305
235
136
211
272
288
274
128
207
285
307
152
193
240
237
216
198
238
295
254
166
189
215
207
254
246
189
216
339
144
263
205
230
267
258
145
214
249
186
342
234
135
252
242
132
145
269
250
308
141
182
210
297
192
213
187
198
281
204
117
192
384
236
91
239
227
265
182
139
158
322
199
212
183
218
339
261
96
203
272
219
172
161
223
360
180
173
224
279
234
248
140
165
287
277
168
229
223
254
213
239
200
259
254
156
210
248
180
264
298
182
201
274
181
214
206
233
267
328
85
246
225
219
280
192
155
204
300
137
148
236
324
285
101
170
220
303
170
223
169
272
239
219
150
213
377
187
128
208
291
292
152
131
196
349
154
215
210
229
312
271
92
239
287
214
227
192
205
270
202
153
267
326
177
241
185
155
227
256
213
220
243
244
219
257
166
263
252
198
173
246
190
237
340
185
170
260
219
185
165
190
291
316
97
234
213
256
233
235
128
251
260
151
146
202
370
280
95
152
270
266
133
184
170
273
228
241
124
281
333
201
136
226
268
260
195
88
272
358
129
216
246
230
262
270
79
242
266
228
195
257
186
287
239
152
267
252
236
196
217
184
214
286
233
257
176
233
208
224
165
262
263
239
168
235
207
246
304
141
184
229
237
238
134
201
328
322
59
208
243
224
259
201
148
299
253
158
171
255
314
270
105
154
299
300
99
166
204
256
227
198
181
260
315
205
130
280
228
295
206
149
220
306
163
194
302
231
258
228
153
209
228
201
232
269
166
319
201
208
201
269
242
236
188
157
245
239
303
226
156
215
244
223
96
245
262
250
131
233
199
283
267
136
199
238
229
198
154
175
386
329
0
229
270
227
174
180
151
308
255
140
179
281
305
251
117
170
290
295
112
143
246
305
168
212
221
261
277
177
148
240
254
269
193
210
213
339
162
225
268
205
256
187
183
232
230
205
290
250
137
262
206
179
204
295
214
312
160
175
219
258
267
180
205
152
316
218
85
222
301
250
99
234
196
275
243
150
169
303
216
207
187
186
365
282
61
202
316
257
146
194
163
333
222
145
194
274
295
253
136
197
295
288
165
182
226
257
196
221
239
312
238
170
187
232
216
242
245
176
231
315
160
247
221
216
266
254
117
234
230
202
324
258
117
248
272
132
165
244
260
306
160
175
219
309
178
225
178
197
264
200
113
188
376
220
95
212
258
250
176
133
172
343
176
231
163
244
327
294
79
208
317
212
195
123
227
348
200
161
232
297
212
258
135
186
272
289
158
245
231
244
227
216
235
244
257
129
223
273
159
272
267
195
164
284
175
212
227
204
271
303
114
225
212
211
290
229
134
213
304
167
126
244
301
308
128
147
231
271
200
195
169
256
251
243
126
227
332
216
99
207
304
288
172
103
220
322
183
192
190
235
321
294
65
264
285
245
202
172
199
292
223
146
294
304
208
220
180
176
238
285
182
255
217
268
185
255
182
255
289
167
196
228
218
227
308
201
150
292
209
205
152
201
272
297
112
215
219
228
263
220
143
226
268
151
148
209
327
319
95
162
260
258
135
168
203
258
267
219
132
265
302
222
111
240
260
271
179
80
250
340
153
198
234
212
273
262
99
226
267
244
191
271
162
319
214
171
252
262
237
173
241
174
234
273
236
248
192
235
192
245
152
283
267
243
158
242
208
240
301
136
197
221
265
210
128
193
319
328
47
222
206
222
231
215
140
285
283
142
191
224
322
272
130
161
318
320
75
186
213
281
218
208
165
264
325
193
132
257
259
276
212
125
228
319
146
207
266
257
236
247
148
210
249
204
253
233
184
303
203
202
211
299
228
242
185
170
232
241
275
252
182
209
256
190
115
236
285
239
162
258
176
293
236
165
162
258
233
192
165
136
388
296
39
200
241
199
170
211
144
319
241
166
159
283
288
276
136
163
305
271
136
121
264
291
194
240
191
277
256
196
121
235
249
279
219
184
243
300
183
206
242
223
267
212
166
259
210
232
267
238
157
270
209
150
223
273
247
289
149
182
226
279
228
215
189
186
284
222
87
232
344
237
128
222
210
263
237
164
159
333
196
229
182
181
342
255
82
185
312
219
172
175
184
306
200
163
192
295
260
282
130
205
279
290
175
160
263
230
231
197
237
294
229
185
170
236
190
261
247
190
217
307
174
239
223
212
281
254
145
218
225
204
310
278
101
270
241
133
144
240
273
275
168
163
227
298
191
214
182
217
254
225
96
201
390
234
89
233
247
248
195
120
187
321
196
213
175
230
316
294
63
224
276
222
171
147
237
324
218
147
242
276
238
252
140
177
273
303
146
257
226
255
214
216
209
252
271
137
233
244
182
263
289
191
186
305
152
235
207
232
261
328
103
224
245
204
309
189
156
205
288
159
122
268
297
312
103
168
216
277
190
207
175
250
271
216
149
216
361
193
128
216
269
310
153
130
193
334
161
200
219
214
333
267
92
243
262
231
202
209
194
299
205
152
266
300
205
227
181
143
245
253
212
223
209
256
201
279
152
275
256
196
171
231
207
235
350
175
190
259
220
188
156
201
287
320
81
246
219
255
232
198
155
240
269
130
165
203
372
284
62
175
259
289
112
197
169
274
225
213
144
265
345
193
140
222
272
263
179
108
250
378
123
228
247
233
258
249
108
217
281
210
215
256
183
288
204
171
244
275
208
196
219
182
208
261
258
222
205
218
225
223
164
261
240
264
143
258
190
255
305
142
185
203
261
212
148
193
332
318
59
212
221
240
235
235
122
309
252
159
170
230
345
237
128
139
324
301
98
167
201
281
194
227
162
279
321
203
128
272
254
276
223
128
247
305
160
195
296
245
239
251
126
228
232
204
231
253
176
293
227
190
227
266
246
240
184
173
235
257
273
266
159
216
245
198
115
230
281
225
164
229
201
282
252
147
180
271
202
215
155
174
380
327
14
217
280
210
195
177
152
309
251
156
165
305
274
282
119
168
286
269
132
135
260
275
210
209
220
264
255
191
146
258
222
291
194
209
210
322
169
208
275
190
275
183
183
236
209
212
275
265
134
285
209
178
203
279
234
306
164
163
237
255
266
183
175
160
290
252
65
242
305
248
97
211
211
263
263
136
187
302
217
210
174
199
363
282
47
208
322
256
145
167
184
324
223
134
211
275
297
257
115
212
276
315
148
191
225
258
193
201
267
284
260
158
189
228
220
245
227
202
199
339
156
261
222
219
262
231
144
213
243
190
342
257
114
249
247
153
150
261
238
308
162
173
213
292
207
186
207
190
285
199
112
187
345
253
60
243
239
261
177
134
173
307
210
201
175
230
337
290
79
212
297
228
173
151
207
360
199
162
231
274
235
231
156
173
289
290
157
246
220
269
194
241
208
263
263
127
221
253
191
245
282
168
197
283
172
213
211
222
254
328
81
246
216
214
289
217
142
193
328
147
148
241
305
312
132
153
223
291
174
225
172
257
252
214
141
216
355
187
128
203
306
287
147
118
203
357
146
217
191
234
315
288
77
250
301
226
227
169
200
293
221
156
282
330
181
241
182
174
234
265
196
245
223
244
215
252
181
258
267
173
190
246
186
241
309
200
147
267
218
186
165
178
293
293
112
219
200
241
242
237
140
251
271
150
147
199
341
311
95
160
268
255
134
171
175
264
249
243
120
277
306
220
109
221
283
259
195
70
276
339
154
201
223
231
265
270
87
242
273
243
190
242
189
308
219
158
267
263
239
177
222
191
219
290
225
255
191
236
189
223
176
265
277
239
168
238
212
243
279
166
169
237
253
236
129
196
315
303
84
193
221
204
259
214
137
286
252
165
172
243
302
270
132
159
312
301
100
157
232
272
231
207
164
263
302
220
109
280
236
291
213
126
229
283
180
185
286
235
256
243
148
214
223
228
229
271
154
319
202
203
210
274
251
213
204
157
247
242
274
253
175
224
233
213
96
249
291
237
160
248
200
274
259
138
195
257
230
193
153
150
363
333
0
229
245
202
169
191
150
289
275
142
179
280
292
280
136
171
299
287
112
145
267
292
195
221
200
268
271
177
148
231
251
278
206
191
218
339
150
227
243
222
261
214
186
233
236
209
290
235
158
271
205
166
201
303
222
312
151
180
222
257
240
209
193
168
312
219
86
235
332
245
130
234
184
279
238
163
156
316
209
206
195
166
367
251
82
189
285
240
141
200
179
333
203
162
191
275
284
270
128
197
293
287
174
163
237
236
215
215
231
308
233
183
168
219
205
255
261
182
235
306
175
242
204
231
273
258
125
234
231
203
309
237
134
251
244
114
165
241
275
279
139
184
214
317
174
223
181
218
251
207
118
189
398
228
95
229
251
251
181
140
161
339
188
229
176
233
312
265
96
199
295
200
195
146
234
325
177
174
225
297
208
258
142
175
267
280
169
226
251
244
231
215
208
251
250
158
212
269
163
268
290
192
187
275
180
211
219
216
269
324
103
228
219
220
281
227
126
213
287
160
121
235
322
281
128
147
233
278
189
208
170
271
242
241
130
231
367
191
126
212
287
289
172
113
216
333
158
201
209
226
316
294
61
264
266
234
201
193
208
269
235
132
294
297
209
231
183
157
233
277
190
257
212
257
202
258
167
264
275
175
196
227
209
234
339
184
169
288
193
207
157
200
281
320
97
230
233
240
263
195
156
241
261
150
147
225
339
319
64
173
255
265
134
183
175
250
263
210
143
268
327
203
138
236
248
275
180
107
247
359
132
215
250
216
275
245
108
221
262
225
196
273
174
319
207
170
243
255
232
192
225
166
232
258
257
225
173
232
207
251
148
279
244
262
141
239
205
247
317
134
201
202
262
215
133
202
334
320
47
222
227
239
234
204
147
298
263
140
191
231
347
241
103
156
303
332
75
184
200
282
191
201
182
257
339
193
132
268
258
279
205
150
223
319
154
205
297
248
235
232
153
205
243
192
253
252
173
294
198
209
202
291
220
242
186
171
229
242
304
223
194
201
260
197
114
229
258
252
133
258
184
289
253
148
181
239
228
195
165
164
386
323
14
221
264
228
175
209
128
319
250
157
164
280
303
247
144
155
307
270
131
136
247
304
171
242
199
281
261
189
144
244
250
266
211
186
239
321
166
209
267
202
260
204
158
259
213
215
274
251
140
261
237
160
223
276
238
310
158
177
225
275
236
217
178
161
291
219
86
223
322
221
128
207
213
262
242
149
168
333
184
231
175
198
357
286
61
198
334
239
172
164
185
325
223
144
195
299
268
282
117
210
272
287
166
181
235
230
227
198
266
287
232
172
189
244
186
265
228
201
196
316
163
246
231
200
283
227
144
217
226
199
325
276
109
270
250
152
149
247
256
302
160
163
225
289
206
189
175
196
263
227
96
197
349
251
58
216
256
251
195
118
191
306
211
204
162
245
333
294
67
224
303
227
172
126
226
347
206
153
242
275
237
235
133
188
276
311
142
255
219
270
191
219
236
241
277
121
233
249
195
248
266
196
167
305
168
233
212
225
250
307
114
221
231
200
309
216
139
194
301
168
127
256
285
312
134
151
217
274
201
192
195
250
275
213
140
215
328
218
101
224
281
306
148
119
204
323
182
189
203
218
331
284
77
254
279
246
203
203
178
299
220
157
281
303
206
216
197
159
247
266
195
246
218
267
188
277
156
279
273
171
188
232
214
224
334
169
186
266
215
187
151
198
276
324
77
246
204
244
241
221
146
225
297
132
165
196
345
315
93
164
266
273
112
199
178
265
250
220
133
266
331
193
140
217
285
258
178
79
249
382
115
230
224
230
259
266
99
222
295
222
215
239
190
309
215
170
253
283
212
196
224
189
215
272
237
247
193
218
221
220
175
268
261
245
160
258
182
259
280
165
166
222
268
209
148
173
334
299
84
197
202
219
232
237
134
309
255
164
171
227
318
268
128
155
322
298
99
160
210
280
217
229
154
275
306
218
107
261
257
277
231
118
251
282
181
188
265
258
242
255
134
228
229
227
228
236
183
302
207
188
227
275
253
217
183
172
236
257
265
264
174
225
230
193
116
233
303
233
164
244
204
277
235
166
165
275
218
213
154
153
359
300
39
196
258
182
195
190
147
290
238
167
160
297
266
282
138
169
293
274
137
118
288
283
214
220
199
267
252
198
123
254
230
287
207
192
219
301
182
203
259
202
273
210
186
237
204
233
268
271
126
285
204
167
200
272
245
285
172
163
239
258
239
210
190
185
287
246
65
246
338
243
128
226
206
260
255
138
183
315
206
207
181
178
346
282
47
208
289
243
140
176
187
305
235
136
211
272
288
274
128
207
285
307
152
193
240
237
216
198
238
295
254
166
189
215
207
254
246
189
216
339
144
263
205
230
267
258
145
214
249
186
342
234
135
252
242
132
145
269
250
308
141
182
210
297
192
213
187
198
281
204
117
192
384
236
91
239
227
265
182
139
158
322
199
212
183
218
339
261
96
203
272
219
172
161
223
360
180
173
224
279
234
248
140
165
287
277
168
229
223
254
213
239
200
259
254
156
210
248
180
264
298
182
201
274
181
214
206
233
267
328
85
246
225
219
280
192
155
204
300
137
148
236
324
285
101
170
220
303
170
223
169
272
239
219
150
213
377
187
128
208
291
292
152
131
196
349
154
215
210
229
312
271
92
239
287
214
227
192
205
270
202
153
267
326
177
241
185
155
227
256
213
220
243
244
219
257
166
263
252
198
173
246
190
237
340
185
170
260
219
185
165
190
291
316
97
234
213
256
233
235
128
251
260
151
146
202
370
280
95
152
270
266
133
184
170
273
228
241
124
281
333
201
136
226
268
260
195
88
272
358
129
216
246
230
262
270
79
242
266
228
195
257
186
287
239
152
267
252
236
196
217
184
214
286
233
257
176
233
208
224
165
262
263
239
168
235
207
246
304
141
184
229
237
238
134
201
328
322
59
208
243
224
259
201
148
299
253
158
171
255
314
270
105
154
299
300
99
166
204
256
227
198
181
260
315
205
130
280
228
295
206
149
220
306
163
194
302
231
258
228
153
209
228
201
232
269
166
319
201
208
201
269
242
236
188
157
245
239
303
226
156
215
244
223
96
245
262
250
131
233
199
283
267
136
199
238
229
198
154
175
386
329
0
229
270
227
174
180
151
308
255
140
179
281
305
251
117
170
290
295
112
143
246
305
168
212
221
261
277
177
148
240
254
269
193
210
213
339
162
225
268
205
256
187
183
232
230
205
290
250
137
262
206
179
204
295
214
312
160
175
219
258
267
180
205
152
316
218
85
222
301
250
99
234
196
275
243
150
169
303
216
207
187
186
365
282
61
202
316
257
146
194
163
333
222
145
194
274
295
253
136
197
295
288
165
182
226
257
196
221
239
312
238
170
187
232
216
242
245
176
231
315
160
247
221
216
266
254
117
234
230
202
324
258
117
248
272
132
165
244
260
306
160
175
219
309
178
225
178
197
264
200
113
188
376
220
95
212
258
250
176
133
172
343
176
231
163
244
327
294
79
208
317
212
195
123
227
348
200
161
232
297
212
258
135
186
272
289
158
245
231
244
227
216
235
244
257
129
223
273
159
272
267
195
164
284
175
212
227
204
271
303
114
225
212
211
290
229
134
213
304
167
126
244
301
308
128
147
231
271
200
195
169
256
251
243
126
227
332
216
99
207
304
288
172
103
220
322
183
192
190
235
321
294
65
264
285
245
202
172
199
292
223
146
294
304
208
220
180
176
238
285
182
255
217
268
185
255
182
255
289
167
196
228
218
227
308
201
150
292
209
205
152
201
272
297
112
215
219
228
263
220
143
226
268
151
148
209
327
319
95
162
260
258
135
168
203
258
267
219
132
265
302
222
111
240
260
271
179
80
250
340
153
198
234
212
273
262
99
226
267
244
191
271
162
319
214
171
252
262
237
173
241
174
234
273
236
248
192
235
192
245
152
283
267
243
158
242
208
240
301
136
197
221
265
210
128
193
319
328
47
222
206
222
231
215
140
285
283
142
191
224
322
272
130
161
318
320
75
186
213
281
218
208
165
264
325
193
132
257
259
276
212
125
228
319
146
207
266
257
236
247
148
210
249
204
253
233
184
303
203
202
211
299
228
242
185
170
232
241
275
252
182
209
256
190
115
236
285
239
162
258
176
293
236
165
162
258
233
192
165
136
388
296
39
200
241
199
170
211
144
319
241
166
159
283
288
276
136
163
305
271
136
121
264
291
194
240
191
277
256
196
121
235
249
279
219
184
243
300
183
206
242
223
267
212
166
259
210
232
267
238
157
270
209
150
223
273
247
289
149
182
226
279
228
215
189
186
284
222
87
232
344
237
128
222
210
263
237
164
159
333
196
229
182
181
342
255
82
185
312
219
172
175
184
306
200
163
192
295
260
282
130
205
279
290
175
160
263
230
231
197
237
294
229
185
170
236
190
261
247
190
217
307
174
239
223
212
281
254
145
218
225
204
310
278
101
270
241
133
144
240
273
275
168
163
227
298
191
214
182
217
254
225
96
201
390
234
89
233
247
248
195
120
187
321
196
213
175
230
316
294
63
224
276
222
171
147
237
324
218
147
242
276
238
252
140
177
273
303
146
257
226
255
214
216
209
252
271
137
233
244
182
263
289
191
186
305
152
235
207
232
261
328
103
224
245
204
309
189
156
205
288
159
122
268
297
312
103
168
216
277
190
207
175
250
271
216
149
216
361
193
128
216
269
310
153
130
193
334
161
200
219
214
333
267
92
243
262
231
202
209
194
299
205
152
266
300
205
227
181
143
245
253
212
223
209
256
201
279
152
275
256
196
171
231
207
235
350
175
190
259
220
188
156
201
287
320
81
246
219
255
232
198
155
240
269
130
165
203
372
284
62
175
259
289
112
197
169
274
225
213
144
265
345
193
140
222
272
263
179
108
250
378
123
228
247
233
258
249
108
217
281
210
215
256
183
288
204
171
244
275
208
196
219
182
208
261
258
222
205
218
225
223
164
261
240
264
143
258
190
255
305
142
185
203
261
212
148
193
332
318
59
212
221
240
235
235
122
309
252
159
170
230
345
237
128
139
324
301
98
167
201
281
194
227
162
279
321
203
128
272
254
276
223
128
247
305
160
195
296
245
239
251
126
228
232
204
231
253
176
293
227
190
227
266
246
240
184
173
235
257
273
266
159
216
245
198
115
230
281
225
164
229
201
282
252
147
180
271
202
215
155
174
380
327
14
217
280
210
195
177
152
309
251
156
165
305
274
282
119
168
286
269
132
135
260
275
210
209
220
264
255
191
146
258
222
291
194
209
210
322
169
208
275
190
275
183
183
236
209
212
275
265
134
285
209
178
203
279
234
306
164
163
237
255
266
183
175
160
290
252
65
242
305
248
97
211
211
263
263
136
187
302
217
210
174
199
363
282
47
208
322
256
145
167
184
324
223
134
211
275
297
257
115
212
276
315
148
191
225
258
193
201
267
284
260
158
189
228
220
245
227
202
199
339
156
261
222
219
262
231
144
213
243
190
342
257
114
249
247
153
150
261
238
308
162
173
213
292
207
186
207
190
285
199
112
187
345
253
60
243
239
261
177
134
173
307
210
201
175
230
337
290
79
212
297
228
173
151
207
360
199
162
231
274
235
231
156
173
289
290
157
246
220
269
194
241
208
263
263
127
221
253
191
245
282
168
197
283
172
213
211
222
254
328
81
246
216
214
289
217
142
193
328
147
148
241
305
312
132
153
223
291
174
225
172
257
252
214
141
216
355
187
128
203
306
287
147
118
203
357
146
217
191
234
315
288
77
250
301
226
227
169
200
293
221
156
282
330
181
241
182
174
234
265
196
245
223
244
215
252
181
258
267
173
190
246
186
241
309
200
147
267
218
186
165
178
293
293
112
219
200
241
242
237
140
251
271
150
147
199
341
311
95
160
268
255
134
171
175
264
249
243
120
277
306
220
109
221
283
259
195
70
276
339
154
201
223
231
265
270
87
242
273
243
190
242
189
308
219
158
267
263
239
177
222
191
219
290
225
255
191
236
189
223
176
265
277
239
168
238
212
243
279
166
169
237
253
236
129
196
315
303
84
193
221
204
259
214
137
286
252
165
172
243
302
270
132
159
312
301
100
157
232
272
231
207
164
263
302
220
109
280
236
291
213
126
229
283
180
185
286
235
256
243
148
214
223
228
229
271
154
319
202
203
210
274
251
213
204
157
247
242
274
253
175
224
233
213
96
249
291
237
160
248
200
274
259
138
195
257
230
193
153
150
363
333
0
229
245
202
169
191
150
289
275
142
179
280
292
280
136
171
299
287
112
145
267
292
195
221
200
268
271
177
148
231
251
278
206
191
218
339
150
227
243
222
261
214
186
233
236
209
290
235
158
271
205
166
201
303
222
312
151
180
222
257
240
209
193
168
312
219
86
235
332
245
130
234
184
279
238
163
156
316
209
206
195
166
367
251
82
189
285
240
141
200
179
333
203
162
191
275
284
270
128
197
293
287
174
163
237
236
215
215
231
308
233
183
168
219
205
255
261
182
235
306
175
242
204
231
273
258
125
234
231
203
309
237
134
251
244
114
165
241
275
279
139
184
214
317
174
223
181
218
251
207
118
189
398
228
95
229
251
251
181
140
161
339
188
229
176
233
312
265
96
199
295
200
195
146
234
325
177
174
225
297
208
258
142
175
267
280
169
226
251
244
231
215
208
251
250
158
212
269
163
268
290
192
187
275
180
211
219
216
269
324
103
228
219
220
281
227
126
213
287
160
121
235
322
281
128
147
233
278
189
208
170
271
242
241
130
231
367
191
126
212
287
289
172
113
216
333
158
201
209
226
316
294
61
264
266
234
201
193
208
269
235
132
294
297
209
231
183
157
233
277
190
257
212
257
202
258
167
264
275
175
196
227
209
234
339
184
169
288
193
207
157
200
281
320
97
230
233
240
263
195
156
241
261
150
147
225
339
319
64
173
255
265
134
183
175
250
263
210
143
268
327
203
138
236
248
275
180
107
247
359
132
215
250
216
275
245
108
221
262
225
196
273
174
319
207
170
243
255
232
192
225
166
232
258
257
225
173
232
207
251
148
279
244
262
141
239
205
247
317
134
201
202
262
215
133
202
334
320
47
222
227
239
234
204
147
298
263
140
191
231
347
241
103
156
303
332
75
184
200
282
191
201
182
257
339
193
132
268
258
279
205
150
223
319
154
205
297
248
235
232
153
205
243
192
253
252
173
294
198
209
202
291
220
242
186
171
229
242
304
223
194
201
260
197
114
229
258
252
133
258
184
289
253
148
181
239
228
195
165
164
386
323
14
221
264
228
175
209
128
319
250
157
164
280
303
247
144
155
307
270
131
136
247
304
171
242
199
281
261
189
144
244
250
266
211
186
239
321
166
209
267
202
260
204
158
259
213
215
274
251
140
261
237
160
223
276
238
310
158
177
225
275
236
217
178
161
291
219
86
223
322
221
128
207
213
262
242
149
168
333
184
231
175
198
357
286
61
198
334
239
172
164
185
325
223
144
195
299
268
282
117
210
272
287
166
181
235
230
227
198
266
287
232
172
189
244
186
265
228
201
196
316
163
246
231
200
283
227
144
217
226
199
325
276
109
270
250
152
149
247
256
302
160
163
225
289
206
189
175
196
263
227
96
197
349
251
58
216
256
251
195
118
191
306
211
204
162
245
333
294
67
224
303
227
172
126
226
347
206
153
242
275
237
235
133
188
276
311
142
255
219
270
191
219
236
241
277
121
233
249
195
248
266
196
167
305
168
233
212
225
250
307
114
221
231
200
309
216
139
194
301
168
127
256
285
312
134
151
217
274
201
192
195
250
275
213
140
215
328
218
101
224
281
306
148
119
204
323
182
189
203
218
331
284
77
254
279
246
203
203
178
299
220
157
281
303
206
216
197
159
247
266
195
246
218
267
188
277
156
279
273
171
188
232
214
224
334
169
186
266
215
187
151
198
276
324
77
246
204
244
241
221
146
225
297
132
165
196
345
315
93
164
266
273
112
199
178
265
250
220
133
266
331
193
140
217
285
258
178
79
249
382
115
230
224
230
259
266
99
222
295
222
215
239
190
309
215
170
253
283
212
196
224
189
215
272
237
247
193
218
221
220
175
268
261
245
160
258
182
259
280
165
166
222
268
209
148
173
334
299
84
197
202
219
232
237
134
309
255
164
171
227
318
268
128
155
322
298
99
160
210
280
217
229
154
275
306
218
107
261
257
277
231
118
251
282
181
188
265
258
242
255
134
228
229
227
228
236
183
302
207
188
227
275
253
217
183
172
236
257
265
264
174
225
230
193
116
233
303
233
164
244
204
277
235
166
165
275
218
213
154
153
359
300
39
196
258
182
195
190
147
290
238
167
160
297
266
282
138
169
293
274
137
118
288
283
214
220
199
267
252
198
123
254
230
287
207
192
219
301
182
203
259
202
273
210
186
237
204
233
268
271
126
285
204
167
200
272
245
285
172
163
239
258
239
210
190
185
287
246
65
246
338
243
128
226
206
260
255
138
183
315
206
207
181
178
346
282
47
208
289
243
140
176
187
305
235
136
211
272
288
274
128
207
285
307
152
193
240
237
216
198
238
295
254
166
189
215
207
254
246
189
216
339
144
263
205
230
267
258
145
214
249
186
342
234
135
252
242
132
145
269
250
308
141
182
210
297
192
213
187
198
281
204
117
192
384
236
91
239
227
265
182
139
158
322
199
212
183
218
339
261
96
203
272
219
172
161
223
360
180
173
224
279
234
248
140
165
287
277
168
229
223
254
213
239
200
259
254
156
210
248
180
264
298
182
201
274
181
214
206
233
267
328
85
246
225
219
280
192
155
204
300
137
148
236
324
285
101
170
220
303
170
223
169
272
239
219
150
213
377
187
128
208
291
292
152
131
196
349
154
215
210
229
312
271
92
239
287
214
227
192
205
270
202
153
267
326
177
241
185
155
227
256
213
220
243
244
219
257
166
263
252
198
173
246
190
237
340
185
170
260
219
185
165
190
291
316
97
234
213
256
233
235
128
251
260
151
146
202
370
280
95
152
270
266
133
184
170
273
228
241
124
281
333
201
136
226
268
260
195
88
272
358
129
216
246
230
262
270
79
242
266
228
195
257
186
287
239
152
267
252
236
196
217
184
214
286
233
257
176
233
208
224
165
262
263
239
168
235
207
246
304
141
184
229
237
238
134
201
328
322
59
208
243
224
259
201
148
299
253
158
171
255
314
270
105
154
299
300
99
166
204
256
227
198
181
260
315
205
130
280
228
295
206
149
220
306
163
194
302
231
258
228
153
209
228
201
232
269
166
319
201
208
201
269
242
236
188
157
245
239
303
226
156
215
244
223
96
245
262
250
131
233
199
283
267
136
199
238
229
198
154
175
386
329
0
229
270
227
174
180
151
308
255
140
179
281
305
251
117
170
290
295
112
143
246
305
168
212
221
261
277
177
148
240
254
269
193
210
213
339
162
225
268
205
256
187
183
232
230
205
290
250
137
262
206
179
204
295
214
312
160
175
219
258
267
180
205
152
316
218
85
222
301
250
99
234
196
275
243
150
169
303
216
207
187
186
365
282
61
202
316
257
146
194
163
333
222
145
194
274
295
253
136
197
295
288
165
182
226
257
196
221
239
312
238
170
187
232
216
242
245
176
231
315
160
247
221
216
266
254
117
234
230
202
324
258
117
248
272
132
165
244
260
306
160
175
219
309
178
225
178
197
264
200
113
188
376
220
95
212
258
250
176
133
172
343
176
231
163
244
327
294
79
208
317
212
195
123
227
348
200
161
232
297
212
258
135
186
272
289
158
245
231
244
227
216
235
244
257
129
223
273
159
272
267
195
164
284
175
212
227
204
271
303
114
225
212
211
290
229
134
213
304
167
126
244
301
308
128
147
231
271
200
195
169
256
251
243
126
227
332
216
99
207
304
288
172
103
220
322
183
192
190
235
321
294
65
264
285
245
202
172
199
292
223
146
294
304
208
220
180
176
238
285
182
255
217
268
185
255
182
255
289
167
196
228
218
227
308
201
150
292
209
205
152
201
272
297
112
215
219
228
263
220
143
226
268
151
148
209
327
319
95
162
260
258
135
168
203
258
267
219
132
265
302
222
111
240
260
271
179
80
250
340
153
198
234
212
273
262
99
226
267
244
191
271
162
319
214
171
252
262
237
173
241
174
234
273
236
248
192
235
192
245
152
283
267
243
158
242
208
240
301
136
197
221
265
210
128
193
319
328
47
222
206
222
231
215
140
285
283
142
191
224
322
272
130
161
318
320
75
186
213
281
218
208
165
264
325
193
132
257
259
276
212
125
228
319
146
207
266
257
236
247
148
210
249
204
253
233
184
303
203
202
211
299
228
242
185
170
232
241
275
252
182
209
256
190
115
236
285
239
162
258
176
293
236
165
162
258
233
192
165
136
388
296
39
200
241
199
170
211
144
319
241
166
159
283
288
276
136
163
305
271
136
121
264
291
194
240
191
277
256
196
121
235
249
279
219
184
243
300
183
206
242
223
267
212
166
259
210
232
267
238
157
270
209
150
223
273
247
289
149
182
226
279
228
215
189
186
284
222
87
232
344
237
128
222
210
263
237
164
159
333
196
229
182
181
342
255
82
185
312
219
172
175
184
306
200
163
192
295
260
282
130
205
279
290
175
160
263
230
231
197
237
294
229
185
170
236
190
261
247
190
217
307
174
239
223
212
281
254
145
218
225
204
310
278
101
270
241
133
144
240
273
275
168
163
227
298
191
214
182
217
254
225
96
201
390
234
89
233
247
248
195
120
187
321
196
213
175
230
316
294
63
224
276
222
171
147
237
324
218
147
242
276
238
252
140
177
273
303
146
257
226
255
214
216
209
252
271
137
233
244
182
263
289
191
186
305
152
235
207
232
261
328
103
224
245
204
309
189
156
205
288
159
122
268
297
312
103
168
216
277
190
207
175
250
271
216
149
216
361
193
128
216
269
310
153
130
193
334
161
200
219
214
333
267
92
243
262
231
202
209
194
299
205
152
266
300
205
227
181
143
245
253
212
223
209
256
201
279
152
275
256
196
171
231
207
235
350
175
190
259
220
188
156
201
287
320
81
246
219
255
232
198
155
240
269
130
165
203
372
284
62
175
259
289
112
197
169
274
225
213
144
265
345
193
140
222
272
263
179
108
250
378
123
228
247
233
258
249
108
217
281
210
215
256
183
288
204
171
244
275
208
196
219
182
208
261
258
222
205
218
225
223
164
261
240
264
143
258
190
255
305
142
185
203
261
212
148
193
332
318
59
212
221
240
235
235
122
309
252
159
170
230
345
237
128
139
324
301
98
167
201
281
194
227
162
279
321
203
128
272
254
276
223
128
247
305
160
195
296
245
239
251
126
228
232
204
231
253
176
293
227
190
227
266
246
240
184
173
235
257
273
266
159
216
245
198
115
230
281
225
164
229
201
282
252
147
180
271
202
215
155
174
380
327
14
217
280
210
195
177
152
309
251
156
165
305
274
282
119
168
286
269
132
135
260
275
210
209
220
264
255
191
146
258
222
291
194
209
210
322
169
208
275
190
275
183
183
236
209
212
275
265
134
285
209
178
203
279
234
306
164
163
237
255
266
183
175
160
290
252
65
242
305
248
97
211
211
263
263
136
187
302
217
210
174
199
363
282
47
208
322
256
145
167
184
324
223
134
211
275
297
257
115
212
276
315
148
191
225
258
193
201
267
284
260
158
189
228
220
245
227
202
199
339
156
261
222
219
262
231
144
213
243
190
342
257
114
249
247
153
150
261
238
308
162
173
213
292
207
186
207
190
285
199
112
187
345
253
60
243
239
261
177
134
173
307
210
201
175
230
337
290
79
212
297
228
173
151
207
360
199
162
231
274
235
231
156
173
289
290
157
246
220
269
194
241
208
263
263
127
221
253
191
245
282
168
197
283
172
213
211
222
254
328
81
246
216
214
289
217
142
193
328
147
148
241
305
312
132
153
223
291
174
225
172
257
252
214
141
216
355
187
128
203
306
287
147
118
203
357
146
217
191
234
315
288
77
250
301
226
227
169
200
293
221
156
282
330
181
241
182
174
234
265
196
245
223
244
215
252
181
258
267
173
190
246
186
241
309
200
147
267
218
186
165
178
293
293
112
219
200
241
242
237
140
251
271
150
147
199
341
311
95
160
268
255
134
171
175
264
249
243
120
277
306
220
109
221
283
259
195
70
276
339
154
201
223
231
265
270
87
242
273
243
190
242
189
308
219
158
267
263
239
177
222
191
219
290
225
255
191
236
189
223
176
265
277
239
168
238
212
243
279
166
169
237
253
236
129
196
315
303
84
193
221
204
259
214
137
286
252
165
172
243
302
270
132
159
312
301
100
157
232
272
231
207
164
263
302
220
109
280
236
291
213
126
229
283
180
185
286
235
256
243
148
214
223
228
229
271
154
319
202
203
210
274
251
213
204
157
247
242
274
253
175
224
233
213
96
249
291
237
160
248
200
274
259
138
195
257
230
193
153
150
363
333
0
229
245
202
169
191
150
289
275
142
179
280
292
280
136
171
299
287
112
145
267
292
195
221
200
268
271
177
148
231
251
278
206
191
218
339
150
227
243
222
261
214
186
233
236
209
290
235
158
271
205
166
201
303
222
312
151
180
222
257
240
209
193
168
312
219
86
235
332
245
130
234
184
279
238
163
156
316
209
206
195
166
367
251
82
189
285
240
141
200
179
333
203
162
191
275
284
270
128
197
293
287
174
163
237
236
215
215
231
308
233
183
168
219
205
255
261
182
235
306
175
242
204
231
273
258
125
234
231
203
309
237
134
251
244
114
165
241
275
279
139
184
214
317
174
223
181
218
251
207
118
189
398
228
95
229
251
251
181
140
161
339
188
229
176
233
312
265
96
199
295
200
195
146
234
325
177
174
225
297
208
258
142
175
267
280
169
226
251
244
231
215
208
251
250
158
212
269
163
268
290
192
187
275
180
211
219
216
269
324
103
228
219
220
281
227
126
213
287
160
121
235
322
281
128
147
233
278
189
208
170
271
242
241
130
231
367
191
126
212
287
289
172
113
216
333
158
201
209
226
316
294
61
264
266
234
201
193
208
269
235
132
294
297
209
231
183
157
233
277
190
257
212
257
202
258
167
264
275
175
196
227
209
234
339
184
169
288
193
207
157
200
281
320
97
230
233
240
263
195
156
241
261
150
147
225
339
319
64
173
255
265
134
183
175
250
263
210
143
268
327
203
138
236
248
275
180
107
247
359
132
215
250
216
275
245
108
221
262
225
196
273
174
319
207
170
243
255
232
192
225
166
232
258
257
225
173
232
207
251
148
279
244
262
141
239
205
247
317
134
201
202
262
215
133
202
334
320
47
222
227
239
234
204
147
298
263
140
191
231
347
241
103
156
303
332
75
184
200
282
191
201
182
257
339
193
132
268
258
279
205
150
223
319
154
205
297
248
235
232
153
205
243
192
253
252
173
294
198
209
202
291
220
242
186
171
229
242
304
223
194
201
260
197
114
229
258
252
133
258
184
289
253
148
181
239
228
195
165
164
386
323
14
221
264
228
175
209
128
319
250
157
164
280
303
247
144
155
307
270
131
136
247
304
171
242
199
281
261
189
144
244
250
266
211
186
239
321
166
209
267
202
260
204
158
259
213
215
274
251
140
261
237
160
223
276
238
310
158
177
225
275
236
217
178
161
291
219
86
223
322
221
128
207
213
262
242
149
168
333
184
231
175
198
357
286
61
198
334
239
172
164
185
325
223
144
195
299
268
282
117
210
272
287
166
181
235
230
227
198
266
287
232
172
189
244
186
265
228
201
196
316
163
246
231
200
283
227
144
217
226
199
325
276
109
270
250
152
149
247
256
302
160
163
225
289
206
189
175
196
263
227
96
197
349
251
58
216
256
251
195
118
191
306
211
204
162
245
333
294
67
224
303
227
172
126
226
347
206
153
242
275
237
235
133
188
276
311
142
255
219
270
191
219
236
241
277
121
233
249
195
248
266
196
167
305
168
233
212
225
250
307
114
221
231
200
309
216
139
194
301
168
127
256
285
312
134
151
217
274
201
192
195
250
275
213
140
215
328
218
101
224
281
306
148
119
204
323
182
189
203
218
331
284
77
254
279
246
203
203
178
299
220
157
281
303
206
216
197
159
247
266
195
246
218
267
188
277
156
279
273
171
188
232
214
224
334
169
186
266
215
187
151
198
276
324
77
246
204
244
241
221
146
225
297
132
165
196
345
315
93
164
266
273
112
199
178
265
250
220
133
266
331
193
140
217
285
258
178
79
249
382
115
230
224
230
259
266
99
222
295
222
215
239
190
309
215
170
253
283
212
196
224
189
215
272
237
247
193
218
221
220
175
268
261
245
160
258
182
259
280
165
166
222
268
209
148
173
334
299
84
197
202
219
232
237
134
309
255
164
171
227
318
268
128
155
322
298
99
160
210
280
217
229
154
275
306
218
107
261
257
277
231
118
251
282
181
188
265
258
242
255
134
228
229
227
228
236
183
302
207
188
227
275
253
217
183
172
236
257
265
264
174
225
230
193
116
233
303
233
164
244
204
277
235
166
165
275
218
213
154
153
359
300
39
196
258
182
195
190
147
290
238
167
160
297
266
282
138
169
293
274
137
118
288
283
214
220
199
267
252
198
123
254
230
287
207
192
219
301
182
203
259
202
273
210
186
237
204
233
268
271
126
285
204
167
200
272
245
285
172
163
239
258
239
210
190
185
287
246
65
246
338
243
128
226
206
260
255
138
183
315
206
207
181
178
346
282
47
208
289
243
140
176
187
305
235
136
211
272
288
274
128
207
285
307
152
193
240
237
216
198
238
295
254
166
189
215
207
254
246
189
216
339
144
263
205
230
267
258
145
214
249
186
342
234
135
252
242
132
145
269
250
308
141
182
210
297
192
213
187
198
281
204
117
192
384
236
91
239
227
265
182
139
158
322
199
212
183
218
339
261
96
203
272
219
172
161
223
360
180
173
224
279
234
248
140
165
287
277
168
229
223
254
213
239
200
259
254
156
210
248
180
264
298
182
201
274
181
214
206
233
267
328
85
246
225
219
280
192
155
204
300
137
148
236
324
285
101
170
220
303
170
223
169
272
239
219
150
213
377
187
128
208
291
292
152
131
196
349
154
215
210
229
312
271
92
239
287
214
227
192
205
270
202
153
267
326
177
241
185
155
227
256
213
220
243
244
219
257
166
263
252
198
173
246
190
237
340
185
170
260
219
185
165
190
291
316
97
234
213
256
233
235
128
251
260
151
146
202
370
280
95
152
270
266
133
184
170
273
228
241
124
281
333
201
136
226
268
260
195
88
272
358
129
216
246
230
262
270
79
242
266
228
195
257
186
287
239
152
267
252
236
196
217
184
214
286
233
257
176
233
208
224
165
262
263
239
168
235
207
246
304
141
184
229
237
238
134
201
328
322
59
208
243
224
259
201
148
299
253
158
171
255
314
270
105
154
299
300
99
166
204
256
227
198
181
260
315
205
130
280
228
295
206
149
220
306
163
194
302
231
258
228
153
209
228
201
232
269
166
319
201
208
201
269
242
236
188
157
245
239
303
226
156
215
244
223
96
245
262
250
131
233
199
283
267
136
199
238
229
198
154
175
386
329
0
229
270
227
174
180
151
308
255
140
179
281
305
251
117
170
290
295
112
143
246
305
168
212
221
261
277
177
148
240
254
269
193
210
213
339
162
225
268
205
256
187
183
232
230
205
290
250
137
262
206
179
204
295
214
312
160
175
219
258
267
180
205
152
316
218
85
222
301
250
99
234
196
275
243
150
169
303
216
207
187
186
365
282
61
202
316
257
146
194
163
333
222
145
194
274
295
253
136
197
295
288
165
182
226
257
196
221
239
312
238
170
187
232
216
242
245
176
231
315
160
247
221
216
266
254
117
234
230
202
324
258
117
248
272
132
165
244
260
306
160
175
219
309
178
225
178
197
264
200
113
188
376
220
95
212
258
250
176
133
172
343
176
231
163
244
327
294
79
208
317
212
195
123
227
348
200
161
232
297
212
258
135
186
272
289
158
245
231
244
227
216
235
244
257
129
223
273
159
272
267
195
164
284
175
212
227
204
271
303
114
225
212
211
290
229
134
213
304
167
126
244
301
308
128
147
231
271
200
195
169
256
251
243
126
227
332
216
99
207
304
288
172
103
220
322
183
192
190
235
321
294
65
264
285
245
202
172
199
292
223
146
294
304
208
220
180
176
238
285
182
255
217
268
185
255
182
255
289
167
196
228
218
227
308
201
150
292
209
205
152
201
272
297
112
215
219
228
263
