312
408
584
390
228
271
518
548
588
706
518
430
574
592
430
555
545
418
480
502
485
573
671
560
744
728
652
700
588
732
572
603
773
743
746
744
864
956
989
953
1125
973
894
764
1158
1038
924
1292
1470
1292
947
927
1048
1282
1438
1190
1206
1254
1516
1397
1032
1186
1362
1598
1533
1053
955
1155
1302
1634
1923
1595
1321
1398
1368
1307
1517
1363
1289
939
1292
1338
1565
1551
1011
699
1257
1288
1474
1435
1521
1545
1927
1967
1935
1745
2086
1918
2152
1940
1512
1660
1750
2038
2076
2122
2028
1866
2033
1857
1833
2044
1966
1950
1845
2508
2922
2725
2465
2020
1762
1800
2086
1974
1680
2360
2594
2602
2368
2292
2238
2286
2366
2484
2578
2260
2300
2556
2802
3004
2810
2138
1740
1970
1784
1936
2164
2178
2252
2564
2494
2014
1852
1994
1948
2090
2292
2372
2204
2268
2456
2092
2242
2562
2432
1966
2226
2418
2056
2292
1884
1498
1612
1630
1888
1906
1738
2642
2800
2554
2140
1956
1916
2328
2654
2372
1976
1872
2394
2302
2450
2484
2406
1986
2350
2202
1914
2252
1946
1344
2296
2964
3050
2314
1354
1532
1804
2356
2568
2058
2114
2622
2823
2741
2397
1865
1953
2301
2294
2070
1770
1828
2534
2914
3148
3256
2840
2030
2036
2116
2414
2054
2372
2528
3104
2832
2144
2028
2354
2584
2718
2412
2446
2818
2374
2376
2690
3152
3364
3016
2478
2304
2174
2814
3032
2864
2700
2378
2336
2594
2612
2352
2938
2792
2678
2286
2730
2618
1928
2050
2226
2020
1980
2670
3238
3186
2488
2078
1454
1452
1974
2224
2589
2437
2325
2728
2796
2993
2643
2509
2279
2355
2754
3072
3235
2891
2895
3360
3524
2936
2412
2098
2236
2850
3214
3294
3203
3519
2997
2932
2644
2676
2591
2739
3097
3298
3906
3951
3687
3441
3448
3024
3180
2834
3108
3376
3618
3798
3862
3652
3592
2900
2762
2596
2392
2832
3690
3724
4036
4052
3432
3108
2318
2576
2986
3740
3722
3274
4028
4176
4520
4461
4047
3345
3393
3557
3235
3993
4051
4177
3809
4099
4055
4471
4695
4519
4151
3713
3238
3745
4173
4349
3913
3567
3079
3395
3817
3701
3081
2690
2856
3078
3096
3120
3222
2750
2640
2960
3008
3006
2656
2770
2922
3116
3312
2624
2862
2496
2680
2778
3184
3036
2850
2252
2074
2492
2776
2608
2426
2804
3178
2974
2762
2468
2764
3330
3290
2000
2808
3274
3355
3259
3055
3283
3281
2725
2978
2828
2688
2680
3134
3514
3732
3794
3407
2627
2539
2453
3037
2951
2343
2431
3447
4301
4181
3121
2545
1823
1915
2921
3201
2715
2539
3289
4147
4069
3351
2815
2607
2563
2769
3095
3215
2243
2515
3320
3770
3804
3196
2858
2388
3064
3080
3166
3224
2814
2172
2496
3387
3853
3645
2671
1911
1999
2557
2862
2810
1865
2299
3182
3532
3178
2410
2382
2638
2164
2542
2650
2484
2493
2979
3683
3991
3269
2171
1801
3011
3475
3273
2194
2436
3436
4352
4134
3262
2246
1820
2696
3162
3288
2794
2432
3628
4444
4650
4800
3724
2258
2878
3548
3582
3123
2595
3995
4919
4321
3709
3515
3269
3439
3833
3757
3973
4238
3688
4440
4530
4224
3834
3244
3168
3792
4152
3904
3579
4207
5047
4853
4415
4021
3877
3961
4309
4433
4627
3667
3891
4526
4594
4962
4402
3750
4202
4486
4806
4662
4244
4044
3779
4389
5028
5282
4386
3762
3114
4122
5058
4644
3914
3790
4874
5312
5144
4316
4296
5112
5449
4926
4044
3980
4004
4068
4854
4900
4864
4690
4088
4020
4228
4640
4682
4264
4520
5372
5342
5564
5324
5536
5772
5644
5394
5284
5410
5560
5500
5168
5022
6074
6244
5910
6362
6838
6118
5038
4240
4210
4710
5625
5097
5035
4781
5636
6222
7230
7104
6412
5576
4820
4370
4780
5754
5985
5661
5857
5021
4673
4739
5487
6187
6465
5865
4779
3977
4621
5107
5763
6219
5801
5599
5847
6559
7091
7323
6849
5985
5919
5321
5435
6009
6758
7516
7018
5846
5058
6106
6986
7332
7488
6912
6162
5526
5118
5046
5834
6618
6614
6244
6498
6654
5882
5801
6771
7157
7933
7860
6832
6468
7282
7628
7606
7424
7756
7972
8400
8466
8360
7740
7026
7438
7378
7117
7471
7522
7292
6651
6721
6745
7165
7093
7289
7675
7721
7419
7367
7035
8153
7636
6836
6282
6234
7248
7331
7107
7427
6953
6435
5953
6405
6377
6381
6711
6953
7473
7915
8704
8172
7290
7118
6196
6546
6540
7190
7590
8200
8186
7732
7352
7982
7392
6090
6623
8039
8493
8325
7409
6821
6685
7857
8694
8116
7506
7386
8078
8724
8532
7916
8105
8511
7874
7224
7390
7300
7274
7656
7900
7954
8158
7046
6458
6608
6468
6540
7272
8602
7926
7454
7992
7886
7814
7910
8312
8390
8086
7684
8330
8470
7598
7252
7762
8412
9124
8724
8062
7752
7546
8531
8537
9155
9477
8884
7530
7638
8382
8686
9950
11054
10772
10264
8918
8080
8514
9566
10920
11122
10710
10574
11226
11336
11120
10270
9950
10476
9248
9440
9906
9648
10402
10478
9932
8506
8728
9026
10614
11530
11460
10246
9560
8730
9110
9532
10958
10896
10348
10144
9664
9512
10222
10944
10834
10908
10356
9344
8052
8448
8294
9222
8854
9249
9711
10407
10065
9215
8879
10127
10866
10178
9382
8640
8700
9165
8503
9609
10223
9391
8943
9109
9987
9858
11268
12436
11886
9872
7518
7588
8418
8922
8722
8044
8740
9316
9298
9444
9426
9042
9764
9749
10189
9381
8179
7531
7681
8161
8249
9115
8569
10437
10418
9412
9654
9736
10904
11570
11066
10622
10592
9144
9778
9692
9568
9516
9212
10450
10124
10732
10864
10604
11676
11426
11498
10806
11066
10822
10631
10752
10521
11187
11757
11417
11707
12011
12351
13145
13285
12411
11523
11242
9376
8972
8988
10032
11784
13253
12319
10797
10345
9967
10551
10202
12636
14336
15747
15369
13079
10035
6403
6039
8217
11241
13931
14645
13105
11411
10711
9421
11013
13452
14750
15796
15818
14250
11292
9328
7258
6236
9240
12394
14034
13806
12428
11964
10994
10484
11328
13770
14520
15030
14298
14455
14701
13455
12165
10789
10995
13211
14447
15313
15547
14406
12650
12032
11868
11528
11892
14202
15326
15314
13312
10864
11486
12270
13164
13108
13262
13302
13920
13922
11756
10196
11467
13367
12559
11921
12113
12731
13148
14216
14316
13276
13034
11664
10920
10180
10446
10712
11542
11196
11626
12550
12518
11500
10648
11322
12442
12794
14416
14095
11922
10754
9936
9514
9494
10500
11388
12630
11544
10756
10246
9450
9058
9572
12180
13302
12752
11256
10476
10854
11006
11284
11608
12050
13772
13962
12980
12150
11226
12576
12108
10914
10656
11224
11390
12196
12902
12937
12367
12055
11327
12291
12533
12447
11977
11743
11939
11805
10837
10844
10672
11292
11352
10938
11472
11626
10956
10018
8178
7985
8155
8497
9963
9963
9487
9805
10571
10571
11057
13617
14695
14575
12645
10807
8774
7880
8502
10044
11514
12236
12469
12323
11217
9422
9032
8486
9408
10718
11004
12476
11570
9370
8998
8816
9398
10170
11270
12248
12430
13198
12380
10986
10346
11008
11896
11826
12616
13426
13386
12938
12038
12020
10982
9458
9606
10862
11508
12894
13550
12914
10982
9894
9660
9802
11104
11312
11786
10720
10122
9662
9254
9816
11326
12068
12082
12432
11680
10094
8476
7950
8652
8668
9216
10218
9821
7901
6867
8219
10773
12393
12513
11647
10913
9747
8411
7801
8491
9249
8967
10247
10615
10429
8607
7773
8217
10475
12989
13263
12055
10368
7908
7288
7426
8202
9644
10460
10332
10182
10450
10328
9614
9314
9802
10859
10323
9927
9753
9451
10431
10497
9891
9886
11322
11298
10634
9968
9650
8824
8818
10016
10540
10000
9842
9526
10038
11375
11435
11809
12999
13033
12808
11138
9402
8192
8158
9518
10582
10522
10300
10846
11022
10144
11628
12308
12708
12732
12668
14228
14482
14000
12709
11033
10845
10215
9463
10607
12913
13531
12013
9190
6716
6988
9592
11856
12136
11536
10808
11402
11366
9688
8010
7858
8774
10468
11253
11309
10122
8686
6856
7421
9859
11185
12872
13136
11908
9940
7770
7952
9008
10394
11204
11834
12236
11180
9046
8232
8828
9932
10018
10674
10292
8844
7656
7896
9853
10883
12317
12037
11383
10962
9550
9076
8780
9374
10090
10574
10318
9816
9796
10650
10266
8336
7926
8387
9061
9633
10333
9529
9131
9465
9365
10727
11277
9877
8431
7573
7159
6405
7519
7657
8041
9023
9633
8579
9373
9901
10565
10095
9019
6935
6495
7203
8243
8987
9037
8477
8435
9437
10185
10141
9911
8635
8259
8727
8676
8790
8028
8946
10158
10304
9008
10858
10956
10680
10376
10414
10726
10874
9778
9856
9562
10752
11920
12232
12170
11842
11770
10792
9703
9683
10191
10749
11447
11869
11051
10566
9848
8994
9540
9780
9874
10980
11876
11328
10942
10094
9980
10560
10946
9870
9248
8652
8508
9134
8780
8470
7694
8194
10962
11781
10865
9647
8371
8029
8209
8319
9473
10655
11819
11233
10152
8392
7630
8176
10050
11102
10484
8870
7290
8172
10166
11442
10934
10890
10204
9210
9098
8542
9050
10552
10402
10300
11004
10388
8966
7198
7328
8766
9474
9298
9706
10144
9732
8468
8890
9308
10492
10468
10196
9698
9416
9422
9049
9107
9975
9149
8432
8504
9130
8914
8060
8764
10370
10218
8596
7472
8032
8264
8224
8108
7222
7462
7108
7192
7226
7282
8148
8936
8166
7804
8702
9228
8438
7888
7486
7800
8506
8882
9912
9292
7976
6958
8040
9810
10002
9834
9564
9042
7838
7756
8724
9074
9850
9752
9330
8736
9230
10098
11114
11048
10602
9422
8020
7234
8940
10008
10036
7856
7820
8840
9756
10746
10894
11168
12372
12314
10964
8956
8276
8222
7404
9170
10888
11236
10970
9452
6732
7424
9802
12110
13812
14210
12502
10176
8572
6854
7954
10226
11828
12102
12382
11792
10868
11596
11706
11056
10196
10216
10284
10284
9432
10078
11278
12290
12712
11828
11210
12060
11288
11044
11172
11690
12596
12518
11726
10884
9608
8572
9424
10572
11434
11474
11512
11614
12020
12014
11464
10140
9194
8832
10414
12134
12190
11708
11406
10526
10360
10396
10168
10640
10544
10382
10846
12348
12456
10914
9990
8940
8657
8778
9752
9786
9876
10336
10556
8912
7530
7035
10073
12231
13043
12035
11585
10373
10223
9997
10587
11131
11565
11302
11126
11740
11364
9678
10900
11058
10996
9868
9078
9243
9967
9112
8770
9512
10872
12404
11670
10136
8498
9540
8974
9052
9488
10046
10668
10624
10662
10112
10886
11598
11824
10856
9628
8972
10620
11736
12234
11206
11388
12048
11042
10298
9450
9834
11524
11508
12420
12143
11739
11733
11649
11332
11536
11782
12942
13782
14690
13126
12040
11966
12052
11204
10436
10872
11892
12360
12726
12724
12868
11948
12020
11380
10746
11344
10866
10852
12054
12628
12602
11752
11134
9540
9864
9604
10226
11368
12152
12776
11512
10102
9282
8924
8180
9275
10053
9937
10313
10407
10377
9823
11291
11201
11879
11071
9241
7817
8199
8541
9532
9968
9704
10364
10850
10008
9308
10166
12830
14024
13090
11222
8550
7202
6614
6228
8174
10158
11674
12228
9730
7408
8106
7234
9074
11593
12557
12859
12043
12285
11763
11449
11225
9791
9961
10633
10765
11119
11295
11095
10385
9235
9051
9987
12531
13371
12179
11077
10259
9505
9001
9309
9011
10793
11467
11985
11591
10927
9407
10461
10781
10659
12241
13457
14501
14443
13861
11037
9985
9027
8253
9173
10827
12285
12847
11309
9615
10444
11262
12352
12730
13176
11726
10266
9876
9298
10690
11864
11836
11384
11038
10326
8730
7866
8708
10082
10298
10594
11290
10582
8264
7620
8676
10198
10050
8976
8464
8678
8388
8058
9008
9728
10444
10427
10247
10234
10127
9661
9728
9293
8245
8121
8203
9063
9693
9101
8431
7870
10004
10824
11600
12311
13199
12118
11128
11001
9561
10741
11443
12631
12601
12760
12674
12175
11293
10325
9733
11151
11799
11515
11179
10615
10945
11362
11012
11026
10888
11026
11045
10955
11439
11907
11727
10781
9251
7609
9483
10717
12103
12539
12495
12643
11213
10317
9291
8455
9395
10915
11655
11265
10775
9275
8511
9155
9421
10261
11197
11837
12279
12497
11691
10857
11067
11217
11987
13755
12325
11331
10310
11344
12696
13618
12768
11602
11200
10384
10564
11510
12126
13604
13740
13924
12402
11748
9660
8814
9936
11628
12090
12570
13424
14136
14637
13427
11141
10369
11767
12613
13565
12835
12213
11897
12589
13265
12435
12629
11197
11361
10813
12249
13667
14001
13985
13283
12071
10407
10505
10163
10669
12359
13709
15357
14391
12881
10859
9063
9413
12325
14577
15411
16323
15797
14997
13621
12063
11831
12529
13757
14601
15201
15885
16003
15453
15425
14979
13683
11909
12337
14353
16143
16643
15705
15917
14361
12213
10753
11567
12793
14185
15267
15861
15722
13740
11684
10990
10872
11934
12084
12690
13700
13730
13568
14246
14384
13042
12528
13878
14088
13480
13210
13634
14200
12920
10176
8430
10058
11060
12108
11760
12294
13316
12468
12098
11296
13142
14658
15488
15186
14030
13616
13706
14478
13610
13088
13644
15150
14852
14090
14280
13856
14982
15450
15230
15464
15195
15417
14711
14653
14119
15391
15921
17635
16379
15069
11771
10877
12199
13523
14643
15059
13967
14641
13477
12091
11273
15555
19175
20699
20697
19029
17581
15781
13237
11441
10317
11445
13515
15489
16573
17323
16121
14801
13789
14237
14283
14273
14985
16775
17409
17615
17595
17871
16337
15041
15085
15633
16035
16537
17391
16911
16433
16573
15867
15585
16641
17591
16617
14006
10780
14530
16790
19295
20007
18705
18347
18159
17593
14989
12586
12552
13384
14950
15641
16295
16329
17057
18875
18954
18554
17402
16086
14390
14876
14170
14444
14752
16590
17322
17536
16740
15764
14558
13628
13588
13454
14962
16938
17880
17524
17130
16958
16142
14686
16128
16546
16260
16106
17876
19498
17718
15334
14010
14498
14390
15792
15124
15400
15912
15220
15706
16332
15890
14970
14643
15794
15914
15610
16642
17744
16822
15138
13601
11927
11413
11641
13279
15003
15751
16734
17802
18188
18072
16666
14646
12832
13625
13567
14453
15639
16785
17811
17769
17063
15539
13467
11333
12975
15055
16929
18006
18224
18346
16952
16653
14869
13659
14661
16225
17301
17787
19067
19191
19195
18540
17652
14614
14782
15680
17376
18858
19588
18258
16882
16178
16042
14854
13160
14192
16600
18860
20941
20845
19001
16319
14320
13726
13078
12944
15262
17630
18844
18304
16790
15550
15186
15516
15438
15748
16553
17605
18639
19903
19667
18153
16827
15990
14760
13014
12916
15304
17210
18034
17671
18531
19401
19175
17477
16263
14407
14757
16019
16667
17025
17518
17708
17772
16500
15376
14364
12442
12628
13824
13942
16426
17914
18600
17998
16362
14388
13092
13990
14832
15586
16304
16970
16770
16334
15822
14874
13550
11922
12736
13050
13264
15408
16374
16064
15356
14614
13632
12030
14856
16460
17724
18548
19688
20672
21498
21024
18102
15184
13272
14222
14752
16480
18360
18556
18383
19228
19634
19220
18332
17067
14825
16059
17037
18801
20735
20303
19139
18445
17127
15221
15481
16203
14995
16491
17721
19463
20239
19749
18809
18055
16789
14685
14779
15601
15959
15791
15949
16255
16945
16915
17369
16169
14989
13767
15087
15993
16495
17323
18463
19260
19114
18136
16052
13830
11812
13290
14644
16410
16762
16934
16476
16432
15336
13516
13120
14706
14574
15230
16024
16530
16238
15134
14640
13858
14556
14704
14492
15444
16128
16352
16394
16856
16612
16520
16414
15672
15176
15272
16000
15950
16688
16842
17620
16757
15739
14379
14041
13559
13865
14953
15577
15367
14599
13859
13651
13103
13477
13491
14055
14865
15043
15093
14501
12666
15681
15955
16081
16197
15517
14547
14603
15233
15429
15213
14429
14927
16439
17179
17211
16723
15875
14883
14631
14197
15787
15957
15371
17608
18206
17876
17520
16114
14300
13650
14898
15022
15854
16932
18154
17589
17851
17310
16338
16394
16542
16034
15650
16734
16772
16082
16008
15064
13866
13856
12642
13970
14740
15310
15196
13526
13774
14308
13460
12688
14516
16588
17282
16020
15118
13384
12924
12206
12234
13506
14792
15124
14644
12748
15238
17410
17324
16352
15018
14022
14712
15814
15308
14658
14608
15110
15018
14833
15003
14291
14249
13687
12925
12268
13484
14692
15318
15104
13282
12560
15604
16536
15588
14648
14128
14108
13290
13422
14044
13964
14334
12810
12420
13274
15256
16350
15796
14172
12096
10972
12102
13252
13834
14094
15364
16328
15001
12611
11581
10661
9181
10029
11431
12415
13293
12317
13504
14322
13968
13478
15182
15728
15528
13589
12801
11951
11129
10897
11138
12232
13182
13794
13582
13907
13769
13987
13237
12063
13122
14874
15528
15186
13712
13435
13879
14062
13426
12358
12961
12933
13161
11817
12975
13950
14564
14498
13398
11772
13754
14907
14464
12126
10968
9600
9556
8856
9354
11630
13086
12768
11468
10494
10658
11187
12079
13801
14377
14269
12610
9282
8682
9138
9206
9814
10692
11644
11228
11044
10396
10540
10504
10922
13342
14238
14836
13658
13408
13186
12128
11456
11198
11856
13250
14028
14208
13388
11962
10044
8326
11998
15588
17516
17756
16920
16646
14848
11258
8852
7612
9684
12216
13268
13436
13550
12542
10096
8778
9836
12464
14020
15618
16416
15098
11880
8160
5208
5234
7618
10552
13186
14192
12370
11860
11800
11922
11874
12810
13068
13304
12468
12564
12508
12074
12600
12388
11658
10572
11744
12218
12198
11454
10087
9806
9272
9578
10924
11030
10242
10266
11170
11144
10688
10456
10748
9198
7534
6460
7636
9718
12068
12798
11998
10678
9976
8670
7924
8414
11054
12406
11831
11359
10393
9057
9415
11351
12732
12680
13852
13327
11729
9653
7899
8410
9886
10830
11142
10298
9750
8634
8702
11358
13164
13908
13598
12330
9748
6332
4862
4894
6514
8976
10504
11006
10230
8906
6826
7316
8872
12544
14382
15060
14760
13518
10804
8424
9156
9494
9796
11102
12394
13550
13964
13318
13836
13175
11957
10571
13159
14163
14017
13825
13399
13403
13683
13073
13277
13135
12703
13263
14065
15873
17087
16352
14826
12756
11746
10852
10374
12200
13652
14238
14334
15702
15922
15300
14762
12508
9514
8159
8185
8075
8991
10079
12036
12618
11338
7896
5314
7854
10992
13766
14796
13922
13038
11460
9748
6966
6508
8008
10176
11812
12646
12686
11140
7882
7932
10300
12666
15790
16378
15056
13196
10397
6967
7371
9743
11571
13216
14112
13730
11226
9756
12042
14362
14984
15432
15136
13702
13222
13253
12189
12833
14121
14873
14851
15329
14887
13475
11771
12653
12147
14397
16205
17701
17885
17423
15329
13051
13031
13057
12791
14855
15931
16637
16443
17405
17413
15803
14237
15005
15423
14083
13049
12783
14051
14999
14515
13529
12923
12925
13845
17232
18672
18812
17754
16292
14660
12464
11270
12320
13720
15550
17400
17234
16132
14010
11064
12706
13780
15636
16600
16744
16218
14040
13108
12338
12222
12578
13212
14004
15080
15660
15330
14430
13014
12140
13077
13921
13943
13723
13093
12809
12829
12936
12898
13034
13208
13146
12238
12262
12098
12142
11644
10542
9874
9626
10464
10834
11176
11704
12808
12034
11820
10224
8732
6690
7122
8584
9690
10321
9637
9169
8191
8641
10279
11827
13141
14259
14183
12707
9523
6087
6585
7707
10281
11269
11535
10864
10502
10198
9368
8552
8446
10854
13076
13030
13100
12668
12044
9898
7780
7500
7516
8646
9792
10644
10938
10300
9342
8380
8142
8654
10140
10886
10856
10542
10322
8802
8414
9604
9614
9952
11828
12626
13032
13332
13284
12114
10470
10646
11250
12026
12566
12740
13040
12916
12382
12246
12478
12903
11937
11623
12471
12229
11187
10321
9939
9783
9919
10255
10171
9494
9176
9532
10182
10636
12368
12886
11812
10972
10032
9350
8148
8274
9370
10370
10374
9816
9232
7904
6936
7896
9909
11615
13457
14291
13085
10993
9137
7809
6559
6291
7521
9115
10715
11331
11194
9204
9808
10278
10680
12042
12398
11662
10094
8802
9792
10766
11482
11076
10626
11518
12922
14268
14350
13738
12898
11526
10416
9764
10344
10174
12258
12840
12776
12040
12188
14408
16142
16710
15680
13138
9394
6710
7306
9850
11100
12086
12738
11558
9600
8908
8954
10808
11104
11606
12026
11138
10552
10246
10748
11632
11134
11544
11150
10844
11476
11502
11724
11250
10586
9865
9573
10759
11537
11699
12353
12575
13563
13661
13115
12179
10455
9939
10115
11124
12223
11683
11973
12079
10887
9601
9432
10918
12658
13698
13876
13267
13839
13825
13773
12797
11545
10803
11453
12331
12265
11711
11649
12645
12181
10542
8578
7236
6996
8476
10784
12216
12875
12921
12097
10201
8213
7093
8223
9043
10345
10838
11532
11066
9640
8578
7622
7774
9858
12193
13001
12141
9717
7291
8219
9073
9845
10099
9033
9711
11069
12609
12363
11921
11803
10935
10249
9977
9337
9763
10659
12810
13512
13078
12044
11160
11336
10626
9884
9150
9108
10450
11372
11278
11122
11460
11930
11220
10372
9600
9638
9730
10706
12750
13292
13522
12482
11400
11183
9367
7927
8719
10631
11749
11633
11093
9695
8657
8801
9681
9169
9639
11341
12209
11657
10205
9495
9795
10179
10211
10375
10635
10321
10286
9502
9772
9168
9812
9878
9322
10044
9305
8075
8112
8086
8400
10374
10828
10892
10036
9206
8402
7420
7792
8464
8750
10062
10932
11628
12130
12129
11203
9162
9146
9858
9990
10566
11702
12652
13020
12620
11770
10103
10197
9327
8479
8523
8329
9527
10557
11043
10029
8293
8559
10689
11843
11397
12277
11247
9851
10387
10135
10305
12013
12757
12877
11854
10658
10468
10484
9660
8390
8192
8682
8904
9572
9347
8679
8805
7759
7225
7973
9323
9432
11068
11702
12054
11682
9380
7200
7106
6060
6448
8648
10394
10920
9884
7344
5572
6350
8662
10182
10094
10684
11562
10926
9034
8872
8010
6176
5966
6708
8054
8504
9198
9254
8858
8006
6708
6696
8086
9050
8788
8956
9086
9172
8464
8202
8478
8504
8676
8278
8048
8300
7870
7264
7470
7126
6732
6366
7190
7744
8056
8790
8936
8648
8328
7104
6108
5114
5314
6408
8684
9764
8716
8156
6260
4856
5250
6644
8682
9432
8296
7126
6912
7980
8879
9145
8601
7645
5991
6633
7473
8229
8562
9654
9642
9296
8348
6866
5410
6320
8718
10494
10632
10334
9700
8910
8700
7056
6138
7102
7668
8006
8524
8596
8476
7944
7178
6198
5232
6760
7806
8208
9078
8922
9200
9802
9468
8640
7416
5716
6420
7816
8046
8044
7290
7434
7980
8126
7980
6996
6926
7658
8210
9698
10376
11208
11028
10516
10534
9940
8464
7716
9104
9112
9876
10200
10134
10240
10100
8904
7966
8484
9164
9806
10568
10570
10734
10787
11579
11275
10297
9815
9403
9115
8973
9679
10563
10425
10267
10323
9645
8979
7537
9447
11207
10823
10609
10275
10601
12125
12223
11391
10125
8919
8573
8583
8655
8325
9215
9863
9591
8991
8501
7881
9129
9029
9147
10375
10525
10557
10121
9087
7533
6399
6223
7264
8792
9642
10226
10434
9736
8842
8182
7444
7982
9674
10518
10932
10944
11154
11422
11078
10630
9340
8240
7906
9048
10286
10856
9828
9740
9328
9136
8968
8490
8270
8362
8628
9572
9952
11293
11897
10899
10269
10329
9133
8439
6982
6142
7686
9058
10240
9993
8985
8660
7644
6164
8136
9805
11573
12513
12011
10194
8250
8064
7464
6834
6854
7037
9187
10621
12077
12163
11209
9819
8613
8277
9142
10204
10332
10750
11416
11836
10798
9108
8052
7744
8576
9018
9938
10658
11398
10790
9034
6750
7008
7864
9994
11209
10897
9141
9655
11061
12229
12111
12839
12049
12419
11359
9639
8857
8071
11025
11929
11095
10845
10021
8695
9277
9723
9987
9865
10641
11459
12663
11829
10389
8619
6915
7251
8405
10571
12203
10742
9214
8234
7244
7733
8417
8497
9274
8080
8690
8486
8310
8928
9398
8600
7344
6150
6796
7476
8344
8418
9146
9910
10136
9268
7442
6396
7428
8052
9130
9856
9794
8832
9196
9066
8146
7228
6460
6216
6524
7278
8183
7173
5262
5276
5848
7220
8610
8200
7620
6975
6933
6295
5353
5027
6759
8041
9221
9111
8785
8133
7077
5896
5710
7076
8512
8968
8601
8235
7507
6383
6201
5537
6107
7225
8494
8068
7204
6542
6172
5446
5276
5470
6486
5922
5584
6242
7050
7874
7442
7190
5976
5548
5037
4465
5851
6120
6638
6770
5392
4492
5061
5203
6384
7182
6739
6745
6908
6046
6000
6480
6249
7291
6909
6427
6178
6474
7210
7796
7775
6641
6171
6125
6934
8290
8711
8275
8162
7456
7180
6908
7206
7920
8308
8484
8494
7020
6088
5810
6020
7200
7928
8024
7240
7556
7498
7840
7802
7450
6640
6156
5866
5284
5346
5754
6282
6174
5294
6280
7774
7700
6902
7284
7834
7608
5406
3958
3680
4692
5606
6704
6684
6516
6708
6764
6424
5276
6264
6036
6324
6760
8292
7942
7038
7080
7290
6968
6002
5458
6313
7041
7915
6949
5547
4373
5173
5979
5594
5754
5813
5933
6402
7594
6886
6536
5800
5768
5244
5782
6076
5790
5698
5232
4414
5042
5138
5828
5784
5712
5536
5478
6022
6748
7060
6750
5820
5349
4796
5218
6088
6716
7916
7090
5748
5290
4704
5266
6584
7676
7887
8447
7283
6227
5363
4417
4267
5371
6429
6611
6396
7056
7530
7218
6822
6926
5700
6292
6380
7192
7662
7404
7482
8776
8064
7138
6058
5614
5884
7190
7424
7470
7823
7641
7185
6845
7169
7846
7354
6892
6636
6776
7604
8012
8156
7998
7252
7136
7644
7642
7724
7280
7790
8282
8480
7704
7088
8216
8746
8574
8418
8438
8948
9306
8372
7421
7673
8921
9245
8794
8878
8185
8383
7280
6924
7132
7748
7817
7783
8163
7829
7110
7538
7592
7018
7737
8253
8483
9139
8996
9134
8453
8175
8286
8634
7814
7972
7870
7948
7666
6270
5297
7281
7606
7856
8438
8128
7212
7018
7040
6130
6676
7602
8814
8790
8690
8420
8292
7499
6271
6057
6837
8387
8600
8316
8868
9765
9799
9160
6920
6044
6864
7921
8141
8069
8029
7448
6934
6174
6140
6840
6614
6470
6829
7579
8367
9213
9483
9629
8291
6995
6341
6695
6503
6465
7875
7975
7739
6599
6525
6581
6247
7103
7393
7087
8033
9121
9705
9637
8637
7123
6493
5521
6573
6095
6765
7591
8101
6797
5645
6489
6833
7623
7697
7671
6321
5703
7087
7779
7289
6021
6275
7247
8087
8231
8803
7865
6539
7245
8101
7215
7233
7507
8695
9153
8817
7771
7645
7567
6918
5908
6788
6774
7354
8216
9378
8458
7412
7678
8038
7952
8137
8039
7531
7051
7086
7562
7582
8036
8295
9009
8883
8371
7023
5861
5377
6829
7561
7315
7665
7234
6913
7507
8580
9004
8466
6729
5401
6139
6909
7511
7530
8234
7868
7656
6996
6892
6656
6790
7474
6680
6364
5510
5018
6980
8571
8789
8927
8303
7454
6784
6484
6786
7175
7855
9216
8680
8034
7224
6244
6322
7912
8090
8070
7840
7238
7616
7206
7172
7194
8074
8870
8648
8314
7348
6838
5942
5580
6203
7271
7661
7267
6773
6697
6509
6811
7073
7573
7007
6973
6949
6381
5869
4904
5004
5610
6918
7204
6730
5306
3724
3450
4996
5618
6804
7200
6996
6220
5550
5114
4496
4645
4996
5824
6223
5981
5263
4385
3997
3931
4557
5431
5569
5290
4356
4434
5300
5209
5110
5046
4997
5105
4823
4087
4663
4946
5276
4664
4998
5444
4820
4152
3982
4304
5248
5186
4423
4385
4787
5207
4845
4674
4448
4604
5018
5186
5264
5570
5428
4772
5044
5004
4405
4567
4486
4892
5960
6305
5839
5327
4813
5091
4625
4443
5555
6391
5209
3917
4359
4805
5027
5365
5323
5885
5569
5171
5151
5031
4767
4691
5245
6007
6729
6647
5593
4123
3050
3782
4904
6050
5746
5204
5218
5830
6110
6084
6366
6976
6741
6267
5465
4731
4295
4321
4098
5290
6208
6151
5597
5099
4731
5257
6120
6450
6760
6822
7142
7080
6364
5608
5264
4742
4776
5212
6330
6962
6196
5384
5304
5504
6017
6671
7265
7707
8027
7359
6676
5398
4388
5185
5917
6541
7175
7354
6886
5914
4384
3660
5222
7094
7306
6288
5604
5818
5610
6022
6436
6611
7523
7717
7138
6852
5414
4548
4772
5228
5826
6236
5716
5418
5868
6489
6022
5856
4564
5112
6684
6966
6307
5089
3663
4367
5153
5753
6515
6315
5236
3863
3875
4491
6211
6831
6603
5725
5971
5964
4890
4360
5174
6039
6843
7200
6282
4954
4376
4044
5388
6074
6320
6632
6828
5882
4920
3538
3594
4714
5754
7156
6838
6684
5898
5194
4838
5284
6076
6454
6766
7072
6718
6030
5728
5759
6367
7481
7539
6919
6325
5259
4247
4187
4497
5149
6519
6591
4979
4141
6383
7736
8105
7779
7589
7219
7890
8792
8268
7263
6203
6677
7959
7473
6915
7725
8337
7423
6209
6067
5288
6237
7123
7803
8191
7671
7276
6665
5496
4886
4868
4786
6120
6832
7306
6828
5724
4158
4118
5476
7362
8324
7622
6294
6237
6339
5965
6119
7031
7375
7789
7697
8271
7772
6442
5291
5739
6391
5867
5981
6087
5989
5891
7491
7903
7459
7623
7153
7041
5391
5697
6057
7189
7527
7400
6904
6680
6320
7794
8994
9142
7798
6008
5682
6786
7147
7399
7049
7678
7244
7224
7074
7459
7563
7555
7639
7601
8182
7828
7284
6542
6290
6678
7602
9042
9264
8852
8710
8866
9174
8710
7894
6842
6592
6206
7658
8410
8732
8766
8630
8802
8310
6812
7512
8352
8624
9018
7876
6846
6960
7172
7300
8122
9148
9258
8422
6744
5224
4956
6278
8560
8574
8404
8328
7922
7206
7882
8316
8192
8610
7068
4950
5384
7042
8150
8406
7624
6394
6418
6856
6738
6532
7630
8782
9048
7956
6194
4998
5920
6480
6584
7232
7098
6226
6688
7662
7872
7264
6404
5638
5806
6760
7164
6708
7192
6828
5844
5264
5072
6148
6702
7540
7878
7252
6058
4162
5000
6184
6846
7156
7320
7786
6732
6358
5666
6218
6784
7022
6690
6866
6806
6316
6398
6676
6738
8278
8066
7398
7244
6752
6404
5328
5282
5440
6268
6552
6724
6100
5490
6234
7056
8170
8868
8000
6806
5582
5500
5868
6166
6252
6748
6940
7003
5663
5625
6135
6213
6298
6813
6673
5981
4961
6239
6347
5849
5812
5125
5082
6395
6495
6519
6669
6902
7224
6982
6674
5768
6230
7003
7063
7051
6696
7007
7578
7392
6642
7440
8256
7878
7442
6236
5532
5972
5528
6462
7252
6516
5660
5282
6880
7216
6470
6326
6440
6376
5890
5392
6320
6678
6474
5906
5786
6516
6464
6690
6832
7460
9348
9332
8622
8218
7892
6605
6327
5737
7305
7813
7655
8177
7583
8804
8806
8522
8458
8271
7189
7203
8047
8647
9555
10224
9475
8514
7372
7226
8014
8341
8321
8447
8199
9220
9990
9588
8722
8064
7310
6284
6690
7446
8542
9112
10009
9273
9073
8718
8132
7345
7995
9007
10150
11064
11166
9656
9340
8752
9246
9779
9885
9257
8957
9321
8637
7787
9135
10081
9773
11485
13185
12683
11305
9195
6877
4845
6241
7965
9343
10529
10675
9137
7721
7033
6667
8217
9307
9537
9185
9473
9697
9059
8035
6023
6495
8081
8615
8945
9547
9252
8068
7438
6868
6610
6628
7844
9334
9828
9566
8132
6250
4094
4526
6768
7710
8054
8246
8656
7794
6334
6279
7445
7433
7625
7841
6926
6798
7311
8061
8039
7285
5847
5459
4961
5815
6359
6193
5603
6262
7108
7258
6517
6371
5393
5855
6351
6883
7228
6764
6314
6080
6134
5812
5694
5562
5726
5926
6172
5896
5822
6430
6532
6865
6329
6280
5650
6001
6805
6797
6543
5572
5256
7853
8615
8819
8094
5676
4408
4606
6760
7172
6794
6082
5620
5244
6377
7365
7319
6709
6475
5749
5713
5695
6216
6104
5873
5983
5753
5233
4819
4909
5389
5722
6290
6400
5514
4756
5644
6162
5634
5390
5158
4546
5106
6690
6746
6054
5930
5924
5834
6258
6244
5660
4556
4417
4720
4846
4798
4387
4874
6190
6457
6187
5901
5456
4600
4588
4744
5330
5576
5038
4894
4652
4686
4580
4890
4922
4916
4622
3770
3786
4526
4496
4646
4735
4927
4749
4185
4115
5107
5309
5080
3648
3474
4508
4852
4768
4920
3992
3240
3966
4416
4930
4984
4782
5168
5056
4658
4620
4704
5184
5448
5712
5606
5120
5416
5986
5786
5456
4852
4562
5222
4672
4640
4572
4062
4616
5332
6099
6169
5825
5141
4543
5015
5827
6161
5973
5732
5238
5030
5341
5659
5455
5595
5943
6479
6331
5253
4297
4035
4671
5503
5325
5417
5211
5175
5651
5925
5412
5200
4818
5174
5278
5022
4322
4774
5217
5561
5751
5513
5126
4212
3752
4466
5048
5010
4422
4336
4290
5154
5428
5482
5440
6112
6272
5948
5704
5506
5650
5966
5862
5590
4932
5500
5370
5456
5480
6209
6741
5967
5989
5389
4775
4757
5199
5887
6571
5537
4969
5429
5901
6275
6355
5967
5575
5233
4691
4409
4103
4145
4095
3531
3327
4377
4825
5471
5663
4991
3975
3329
3471
4521
5297
5799
5197
4775
4889
4349
4665
4323
5007
5899
5840
4776
4414
4512
4726
4976
4730
4010
3746
4792
5430
5328
4830
4816
4716
4562
4864
5040
4468
3754
4281
4815
4611
4137
4486
5834
5957
5509
4759
4181
4055
4337
4361
4363
4793
5091
4369
5153
6219
6591
5367
4471
3797
3741
4395
4925
4693
4916
4576
4284
5118
5674
5676
4756
4168
3890
3980
4826
5298
4040
3662
4144
4676
5387
4997
3967
4035
3911
3451
3807
3861
4075
3988
4830
5174
4675
4219
3682
3352
4332
5152
5292
5236
4840
4310
4870
4986
5276
5050
4647
3853
3733
4893
5358
5134
4914
4656
4920
4998
5103
4853
5135
4537
4239
4011
4241
4903
5627
5853
5593
4761
4078
3928
3876
4496
4826
4884
5108
5038
4916
4746
4690
5004
6216
7026
7380
6780
5236
4527
4673
5073
5327
5405
5599
5179
4827
4603
4817
5413
5627
5454
6518
7058
7406
7792
7022
4869
4455
4651
5283
6077
6033
5861
5205
4583
4747
5353
5519
5361
5383
5317
5081
4995
4589
5269
5927
5643
4813
4541
4495
4517
3687
3645
4155
4889
5103
4955
4505
4259
3648
3084
3613
3991
4227
4433
4082
3924
3338
2643
3493
4019
3649
3451
3375
3485
3439
3763
3785
3707
3472
3488
3453
3147
2467
2801
3689
4325
4521
4577
4206
3418
2624
2450
3202
3754
3820
4354
4304
3713
2933
3351
3687
4133
4321
4675
4295
4363
4029
2739
2947
3455
3411
3342
3648
3446
2986
3694
4516
5010
4546
4386
4386
4790
4525
4560
4200
4282
4124
4216
3794
3458
2735
3585
3991
4329
4563
4617
4820
4456
4098
4298
4232
3868
3456
4182
4288
3336
2503
2875
3945
4286
4534
4208
3728
3222
3046
3648
4038
4116
3984
4265
3982
3726
3344
4112
4148
4466
4864
4690
4459
4152
4438
4322
3804
4035
4403
4221
3625
3646
3918
3938
3906
4096
4932
4740
5032
4672
3780
3638
4492
4666
4596
4129
3609
3509
4127
4365
4449
4315
4457
4925
5093
4705
4273
4369
4187
3879
4133
3907
3547
3357
4039
4747
4977
4959
4395
3301
2773
2507
3839
4687
4225
4409
4319
4923
5019
5681
5103
4435
4529
5631
6037
5053
4579
4705
5675
5263
4783
5027
4775
4487
3977
4130
4546
4822
5168
5478
5636
4796
4154
4342
4390
4184
3884
3572
3062
3192
3454
3626
3660
4248
5188
4816
3331
2181
2073
2485
3459
3893
3807
3179
3079
3967
4619
4731
4528
4144
3712
3236
3342
3846
4120
4244
3504
3018
2726
3138
3750
3956
3980
4130
4518
4674
3781
2887
2805
3680
3992
3850
3066
3212
3776
4701
4482
3578
3210
3366
3742
3816
3978
4192
4315
4453
4089
3721
3156
3680
4022
4094
4077
3741
3430
3470
3478
4260
4565
4571
3929
3709
3415
3331
3525
3758
4178
4509
4643
4189
2645
2115
2802
2816
3502
3562
3242
2488
1798
2792
3171
3904
3638
2714
2474
2048
2610
3298
3438
3379
3215
3205
3015
2891
3409
3943
3855
3593
3371
3160
3158
3371
3069
3092
2784
3376
3499
3111
2122
2154
2455
3005
3615
4125
4509
3657
3063
3107
3197
3813
4242
4040
3467
2942
2966
2753
3237
3625
4188
4478
4240
4288
4206
3006
3492
3384
3338
3272
3258
2740
2284
2708
3964
4272
4530
4056
3496
3606
4102
4348
4070
4455
4363
4371
4136
3742
3522
3381
4365
4581
4716
4652
4434
4416
4552
3918
4372
3954
3694
3108
2854
3120
3062
2595
2890
4174
5094
4991
4508
2974
2405
2737
3463
3872
4151
4445
3689
3049
2698
2130
2808
3400
3305
3873
4255
4335
3639
3607
3243
3055
3545
3856
3724
3369
2691
2659
3286
3820
4044
3790
3753
3221
2421
2690
3342
3702
3676
4274
4486
4392
3870
3352
3750
4018
4602
5170
5321
4627
3899
3439
3433
4021
4323
4291
4689
3844
3518
3470
3732
4006
4546
4796
5336
5092
4400
2498
1342
2072
3450
3760
3436
3080
2468
1996
2854
3500
3216
3004
3602
3330
3446
3278
3234
3276
3142
2976
2942
2726
2436
1998
1686
2226
3176
3426
3348
2588
1622
1682
2092
2604
2764
2730
3131
3023
3015
2388
2896
2898
3536
3412
2702
2862
3150
3250
3189
2984
2710
2104
2116
2260
2258
2444
2362
2616
3264
3822
3514
2890
1978
2552
2436
2388
2780
3360
2812
2110
2282
3084
3632
3790
3578
3076
3354
3512
3166
3438
3845
4111
4119
4011
3545
3671
4129
4343
4229
4313
4375
4919
4917
4175
3679
3291
2997
3817
3779
2405
3146
5020
6170
6062
5092
4264
3452
3286
4446
4648
4942
4800
4998
4562
4062
4608
4065
4145
4473
4721
4271
4740
4734
5220
4374
4079
4161
4023
4191
3782
3420
3812
4670
5132
4992
4642
4122
3606
2630
3334
3930
4377
4249
4509
4609
3437
3165
3973
4841
5060
4986
4446
4858
4757
4127
3913
4729
4549
3945
3927
4189
4473
4735
5283
5689
5608
4730
4060
3858
3596
4680
5219
5707
5543
5287
5703
5525
5505
6025
5844
5282
5820
5694
6126
5952
6008
6142
5676
5462
5084
5494
5632
5348
5172
5438
6686
7670
8126
7398
6016
5082
4696
4800
5348
6108
6217
5113
5547
5519
5917
6252
6064
5336
4638
4932
4870
5540
5460
5266
4974
4910
4764
6109
6111
4937
4441
4473
4845
5641
5411
4981
4405
5033
5653
5201
5029
4963
4559
4517
4401
4371
4857
5401
5227
5611
5651
5455
4611
3330
2566
3732
4702
5148
4568
3206
4206
5536
6408
6482
6018
5266
4493
4209
4587
5323
5921
5706
5498
5647
5825
5881
6133
5669
6027
5991
6401
6015
6815
7151
7027
6935
6625
6381
5807
5483
5139
6009
6945
7880
8966
8964
8452
7558
5824
4760
5780
6466
7006
7420
7180
6104
5140
6779
7933
8513
8167
6759
6205
5989
5350
5294
6134
6944
7222
7374
6822
5348
5312
7014
8320
7942
7520
6750
6302
6444
6396
7236
7902
7614
7128
6666
6426
6518
6296
6524
6656
6874
7084
7008
7326
7404
6448
5598
6064
6150
5960
5950
6096
6116
5768
4940
4728
6204
6878
7012
6790
5994
5374
4958
4734
5020
5948
5672
5190
4972
4896
4296
4890
4642
5644
6370
6714
5096
4146
4014
4954
6060
6244
5012
4326
5088
5732
4780
5140
5062
5336
5532
5660
5044
3840
3664
4260
5478
6292
5616
5293
4967
4275
5603
6413
6343
6559
7074
6388
5686
5490
5612
6498
5940
5804
6074
5920
5146
5314
6864
7782
7944
7258
6510
5800
5734
6148
6690
7176
6783
6435
6293
5577
5687
5403
5669
6617
6330
6596
7301
7771
7097
6639
5921
5837
4855
4471
5145
6103
6343
6369
5506
5672
5640
6378
6796
6540
5924
5744
5444
5431
5153
5087
5129
6225
7087
6825
5099
4585
5797
5738
6200
6634
7122
7416
6648
5103
5055
5571
5883
6357
5807
5119
4846
6447
7225
7033
6527
6065
5947
5881
5907
6331
6613
6093
6107
6381
6181
5313
5201
6045
6907
6895
7113
7135
6345
5575
5349
5483
5545
5867
6205
6285
5851
5577
4741
5328
6774
6734
6646
6792
6932
6720
6974
7156
6632
6562
6422
6208
7018
7640
7212
7038
6296
6352
6160
7258
8112
8316
7960
7732
7356
6384
5958
6318
6140
6216
6228
6782
5892
4610
6896
9370
9530
9256
8376
7834
7616
7428
6438
7226
8726
9960
9902
9756
9372
8198
7178
6538
8664
9948
11352
11735
10643
8677
7452
6824
6318
8248
9890
10042
9504
10038
9832
9066
8045
8319
8615
8583
9005
9924
10114
9398
9966
10074
9004
8350
7736
7660
8800
8867
8393
7439
6467
8885
10468
11148
10972
9942
7910
6144
6928
7960
9384
9298
8462
9577
10107
9745
8329
9933
10791
11103
11387
11179
11678
11420
11042
9808
10548
10508
10966
10878
10486
10297
10918
11178
10454
9080
9074
10458
12174
13710
13382
13074
12316
11428
9967
8305
8453
9939
11029
11635
11127
11689
11809
10963
9719
10961
12013
12345
11985
12679
13857
13717
13945
13099
12855
11957
10503
10609
11217
11513
11465
12607
11623
10489
9241
10475
11837
13877
16097
17173
16398
14174
11036
9620
10154
10804
11930
13258
14054
13442
13914
13448
12752
11048
10428
12362
14388
14918
14780
14122
14774
14674
13576
12100
11079
10785
11361
12265
12837
13105
12879
12043
11131
9081
8483
11799
14455
15459
14951
14131
11675
10157
10413
12007
13331
13389
13027
14095
15197
15033
14059
14393
14207
12733
11305
12315
13065
13839
14429
14443
14723
15057
14355
12259
10089
9269
9535
9681
12095
13875
15035
14297
11933
10803
11771
13449
14567
15617
16651
16941
15799
13207
13307
13225
13207
12451
12879
14547
15419
15888
16682
15960
14070
11892
10984
11780
12996
14168
15066
15546
14970
14008
14364
14782
12880
11056
11908
14266
15136
14052
13322
13430
13170
12632
11840
13088
14596
15840
15982
16292
15868
13988
11724
9718
11258
11944
12930
13948
14426
14360
14934
14516
13352
13468
14724
15448
15152
15036
16354
17204
17206
16046
14274
14312
16516
17510
17494
18016
18302
17070
16534
15310
14948
14744
15014
15982
17768
18206
17736
16218
16488
17322
16796
14876
13238
13054
13280
14140
14730
15974
16612
15662
14452
13568
16706
17320
16514
15566
16852
18308
18740
18090
16960
16802
16622
15888
16788
18164
18892
18308
16820
14790
14748
14012
13530
13900
14810
15484
16160
17738
19192
19312
18880
18732
17056
14408
12094
12064
14344
16796
17528
17738
17480
17960
17898
16918
16122
15296
17836
17972
18552
19172
19042
19974
22320
22615
20849
19993
17876
17672
17716
16766
16752
17806
18761
18857
18935
18313
17023
14535
11285
12605
16333
19603
21187
20257
19107
17329
15376
13904
14034
13446
13996
15326
15546
16769
18307
18627
18355
17425
15561
14135
16834
18828
20204
21306
20772
18482
18018
18457
18571
17601
16865
17319
18278
18880
19123
18553
17379
16725
17511
17875
18511
20133
20355
20759
21285
20993
19837
19141
19244
19186
17358
14566
13864
15410
17436
17259
17601
18771
19237
17943
17951
16817
18840
19944
19766
18976
19752
19887
19517
18563
16953
17441
16801
15901
16121
16105
19486
20896
21404
20740
19516
17792
16690
18314
18446
20572
22762
23091
21596
20442
20713
20317
18331
17999
19726
21484
23238
22012
20348
18148
17400
16192
16334
17556
20271
22555
23875
22351
20037
18353
18659
19947
20021
19737
19297
19354
18014
16278
13640
12442
14206
17736
20250
20726
19516
19631
18841
17717
18390
22328
25528
26534
26593
25091
21091
17473
15601
13135
11421
15847
20573
24133
26091
26111
21713
17229
15932
15810
18336
22032
24396
24592
23158
21166
17190
12860
8160
10350
14552
18116
19911
19639
18418
17510
15708
12178
11544
16592
20672
22948
23508
22030
19998
17406
14785
14281
14787
14256
15414
16614
17778
17380
17110
17865
18917
18325
16457
13327
15568
17504
20229
21943
21833
21311
19823
18762
17258
15064
14502
15880
17094
18744
20327
20165
19107
17525
16503
17637
17817
16919
14924
17102
18066
19170
19418
19406
20534
20786
20838
18310
15038
13206
11520
12564
14654
18006
20620
20689
17929
16925
15975
15071
16041
18471
21237
23365
22227
19565
16263
14245
15479
17105
18201
18697
18889
17896
16974
19170
20418
22036
21676
21300
20368
17960
15670
15542
15702
16782
17914
18734
18822
18490
17886
15796
13616
14026
14922
16824
17534
16716
17168
16518
15552
14402
14382
15736
17589
19807
20569
19947
19043
17013
15645
15301
15411
15595
15453
16877
17551
17605
17219
16954
16892
16908
16876
16208
16802
16802
15792
13986
15082
15386
15128
14474
14580
14122
14325
14101
14449
14587
14663
14941
13881
13035
15471
15849
14569
13927
15337
16961
17527
17349
16281
13965
12253
11753
11905
13779
16019
17341
16637
14001
11399
11931
14937
16201
16271
16979
16627
15545
13953
12233
11613
13385
14371
14823
16307
16319
15607
14623
13345
13239
12093
11677
12055
12957
14147
14753
14599
16401
17101
15465
12893
11025
10333
12589
13663
15659
16587
15265
14671
13149
12777
11955
14383
15439
16951
18207
17625
16439
15513
13897
14093
13967
13841
14009
15233
15511
16623
17891
17751
16635
15011
12729
13281
13849
15333
17407
19009
19149
17971
15087
13099
13217
13917
15239
16163
16675
15727
14491
13703
12451
11495
13587
16057
17443
18771
18377
18049
17429
16875
15829
15119
15939
15965
14917
15069
15797
16911
17846
17994
17942
17056
16004
16194
15428
15080
15752
17544
18536
18210
16598
15518
13560
12810
14180
15128
16378
17202
16690
14796
12334
11206
10712
13100
14428
15146
15784
16104
15450
13648
11962
10562
10538
12076
13832
14302
13326
12170
13042
13028
12126
11356
12670
13438
13368
13010
11912
12388
12844
11998
10610
10878
11584
13050
12786
12654
12941
12413
10961
9921
9779
11625
12113
11507
12214
13162
12251
10421
9315
10573
11437
11057
10473
9901
10478
10964
9847
9383
11963
14201
15401
14777
13051
10599
8883
8593
9692
10216
11822
12910
12638
12222
10716
9650
9144
11088
13831
14679
14655
13379
11583
10135
8529
7373
9891
12057
13232
13432
12822
11642
9992
7298
9053
11311
13643
15143
16076
15646
13822
10808
8364
5284
5640
8706
11663
13151
12988
12302
11514
10438
10626
11642
12614
13168
13960
13418
12406
11868
11716
12516
12360
13725
14639
14858
14116
13604
12824
13110
13258
12920
12188
12182
11510
11690
11710
12803
14927
14923
14389
12679
10527
10557
10995
11033
11428
12156
12218
12536
13220
13240
12402
10384
9496
9720
10108
10788
11850
12408
12652
11745
10851
10657
10561
9719
9469
10239
10667
10385
10143
10019
10468
10044
9744
10280
11036
11020
11152
12014
12540
12179
11015
9117
7131
7059
8031
9605
10609
10545
10115
9063
8147
6955
9523
11497
12221
11653
11261
10261
8911
7103
7497
9155
9893
10089
9721
9669
9345
8997
10013
11391
11661
11055
11005
11653
11971
10375
9045
9055
11387
12483
13663
11733
10013
9238
8814
8416
9618
9476
9838
10668
10806
10334
9920
9098
7942
7378
7750
8918
9884
8984
8472
8044
8498
9864
10840
10890
10256
9248
9636
8808
8810
7930
7772
8862
9364
8877
6839
6769
8637
9726
10170
9830
9600
8286
7769
7653
8317
9170
10562
9976
9226
9298
9536
9838
10452
9575
9337
9949
10157
10951
10869
10360
9080
8256
8874
8574
8412
8062
9252
10374
11144
11016
10542
9444
8884
8704
7874
9112
10340
11008
11594
11660
10634
9312
9754
10716
11214
11548
11342
10084
9742
10416
10558
10424
10654
11096
10788
9604
10476
11342
12018
12195
13106
11712
10096
9428
8960
9502
10232
10924
10796
10858
10916
10030
9894
9354
9520
9652
11102
12116
11948
11520
10874
11092
10638
9152
8074
8562
9884
9574
8906
9234
9126
7754
9275
10891
12155
11901
10505
9001
7791
7439
8661
9747
10603
11015
11577
11069
10286
9950
11244
10816
10100
9566
10294
9764
9286
10618
11508
11208
10138
8522
8046
8258
9990
10742
11568
10902
9872
9206
9064
9414
10016
10836
10518
10146
9940
9118
8496
9310
9864
9926
9962
9294
8644
8686
7814
7528
7522
7282
7372
7544
6900
7614
8220
9418
9899
9627
8605
8527
7237
5497
5907
7667
9379
10087
9815
8069
7909
8163
8419
9963
10299
9475
8357
7967
8903
9285
9135
8987
9369
9027
8851
8823
9591
9595
9955
10105
8411
9025
8737
9138
9848
10352
11330
10684
10508
9702
8452
8020
7452
7470
8548
9844
10390
9218
8270
8100
9020
10334
10107
9645
10323
10513
10327
9017
7947
8165
9565
10937
10849
10085
10539
10485
9677
8903
9161
10247
11107
11345
11713
11071
11113
10073
9561
9633
9879
10923
11577
10729
10145
10387
10377
9823
9261
8847
9363
10399
10095
11081
11443
11253
11459
11663
10985
9511
8993
9035
9503
9975
10537
10983
11049
10693
10247
10369
10079
9751
10759
11203
11849
12545
12751
12563
10843
11129
11503
10751
9891
10968
10978
11898
13410
13596
12876
11996
11192
10380
9066
10098
9662
11380
12558
13414
12466
11450
11134
10568
9140
8008
7692
7658
8558
9404
10918
11184
10562
9108
6666
7482
9996
11870
13164
13706
13398
12510
10362
8706
6598
5140
7066
9316
11054
11374
10168
8670
9122
9100
8387
9211
8855
8733
9091
10383
11129
11001
9899
7781
6443
6563
7187
9325
9823
9771
9159
8173
7751
8257
8291
7235
6757
7827
8035
8469
8516
8452
10624
11684
11515
10445
8193
6581
6759
6209
7465
8795
9471
9695
9361
7701
5532
5650
8032
9013
10097
11025
10691
10450
8920
6856
5590
4983
6569
8153
8944
9265
8710
7308
6992
6348
6848
7045
8209
9739
9497
8453
7523
7173
7931
8601
8446
8428
8066
8602
9232
9102
9174
8668
8577
8923
7839
6953
5037
6245
7335
8299
8949
9056
8828
8044
8386
8162
7386
5959
5181
4591
4715
5315
6151
6929
7615
7661
6327
4863
4223
5293
6746
8406
9648
10238
9052
6822
5636
5316
3686
3688
5756
8027
8561
8821
7513
6637
6121
5689
5777
6003
7281
7837
7495
6955
7094
6644
5810
7244
8333
7707
7137
6883
6335
5747
6159
7211
7579
8335
7491
6213
4981
5379
6992
7670
8672
9050
8776
7882
8134
7102
6746
7042
8092
9938
9048
7948
7134
7216
7342
5982
4940
5455
7383
7947
8419
8295
7779
7317
7562
8478
8646
8012
7822
8568
8850
8050
8274
7932
7751
6819
7393
7039
6968
6950
7604
7972
8651
8869
8859
9121
8798
7792
7244
7740
7636
7760
8060
8580
9178
8808
8252
6914
6974
8096
9544
9796
9722
9564
9620
9670
9452
9444
9150
9348
8670
7880
7724
8312
8178
7662
6912
6398
7844
9442
10058
10060
9634
10715
11099
11319
10719
9819
8379
9095
8329
8399
9671
10698
10448
9708
7396
4408
6455
9071
11283
11589
11589
10857
8805
6863
6821
7881
7844
8898
9108
9820
9486
11576
11352
10238
9222
8304
7959
8449
9871
10657
10679
9813
9413
9567
10463
11521
11743
12025
10254
9434
9008
9018
9056
9190
9648
9488
8460
8230
7402
7900
8840
8958
9154
10358
10400
10328
10048
9972
9104
8248
8066
7858
8142
8544
8970
9480
9642
10660
10094
8628
7026
6810
6716
8549
9359
10024
9664
8696
8054
7406
8292
9456
10650
10348
9714
9210
8614
8728
9204
9250
8938
9302
8804
8567
10043
11254
11222
10158
8734
7118
8584
10312
11060
11116
12493
12851
12365
10781
10545
10381
10091
10167
9987
9471
10647
11891
12191
11937
10647
10811
11115
11421
11427
12067
11713
10239
10403
11615
12711
12383
12321
12089
12137
11415
10684
8786
8876
9102
10532
11874
12232
12268
13066
13634
13580
11312
8030
6114
4808
7132
10198
12298
12022
11022
9448
8578
6866
8542
10374
11506
12252
12798
12294
11208
10932
10334
9308
9276
10504
10972
9976
9228
9592
10938
11076
10282
8368
8528
10974
12694
12436
11586
10846
10392
10532
10476
10460
10682
10772
11692
12360
12357
12565
11623
11421
10649
10197
9496
9308
10694
11792
11786
11734
11033
11368
13106
13152
11454
9926
7862
7148
8276
9002
10272
10960
10260
9026
8496
9174
9840
10526
11972
12594
12772
12132
11269
10401
9519
7093
7527
8307
9295
9437
9243
9341
8986
7304
6484
6538
10270
12132
11956
10262
9192
7566
8532
8746
8854
8552
7988
8348
8118
7722
8834
9590
9000
8020
7812
7774
8278
8698
9802
9990
9712
9124
8720
8602
7894
10082
10914
11821
11337
10461
9685
8349
8061
7879
8073
7879
7551
8123
8489
7677
7510
8796
10098
10292
9232
8600
8486
7520
6600
5646
6212
7980
8644
8924
8542
7932
5984
4862
6460
8600
10611
11562
11126
10610
8610
7300
5416
4582
6238
8203
9111
9371
9627
9119
8011
6269
5133
4785
6649
8683
10619
10733
9179
6925
5257
5185
5879
6919
8731
9153
8533
8001
7791
7482
6962
5630
6107
6915
8055
7715
6885
6917
6973
6787
7007
7440
7410
7296
8042
7984
6682
6446
7582
8258
6956
6052
5566
5954
6714
6782
7894
8528
9290
10228
9702
8648
6906
5424
6262
7752
8162
7420
7082
7708
7776
6608
5168
5056
6592
8972
9964
9624
7956
6338
6472
6432
7102
7484
8362
9740
9844
9790
9294
8456
7798
7028
7363
7915
8923
9989
10525
10145
8977
7529
7063
6729
7183
7569
8041
8108
8806
8774
8504
7724
6528
5878
7628
9554
10238
10714
10072
9820
8424
5998
6224
6232
6458
6682
7812
7416
7319
6239
5055
7153
8790
9384
9852
9070
8335
8219
7995
8609
8975
9165
9433
10016
10832
10930
10540
9448
8590
7805
8385
10138
10446
9912
9984
10268
11248
11308
9810
9026
8034
7848
7288
5782
6932
8608
9010
7558
5690
5240
8166
10426
11524
10946
10670
10254
8298
6872
5484
6238
8358
9394
10728
11264
9582
8936
8784
8070
8822
10022
10286
10524
10386
10136
10196
10909
11029
10279
8285
8903
9435
9691
10701
11297
11253
10351
8425
6533
8261
10381
11656
11132
10630
10292
9472
9104
8318
7248
7692
8708
8956
8980
9883
10313
9242
7212
6066
5762
6707
8643
10005
10677
10055
9853
8488
8504
8844
8780
7524
6668
7271
8429
8223
7581
7801
8279
8219
7095
5895
6889
7829
7435
7445
7900
8830
8974
8876
8506
7954
8166
7964
7734
8246
8406
8056
7134
7610
7486
7452
6906
7158
8258
10182
11500
11438
10190
9242
8400
6306
4298
6304
8096
8456
8662
8390
7610
6664
5425
4340
7306
8708
8912
8876
8916
9100
10324
9936
7968
6820
6168
8448
10174
11260
10980
10528
9880
9350
8258
7336
6032
7545
9335
10299
10459
10297
11526
11684
9922
7594
5682
4724
5214
7288
8814
9398
9154
8340
6866
6330
7398
8812
9608
9838
9880
9192
7886
8362
7398
7008
6588
7198
8544
9968
10668
10834
10424
9194
8546
9026
8804
8816
9052
8962
8940
8930
8506
8736
8614
8802
9206
8976
8430
6546
5212
6034
7822
8256
8664
8399
6293
5397
7063
8311
8497
8793
9033
9553
8777
8109
8198
7134
7792
8216
8412
8281
8133
8823
8895
8277
6494
6046
6020
7948
9810
10472
9904
9618
10072
8892
7714
6870
8264
8030
7872
7492
8252
8630
8244
6654
5101
4569
6993
8943
9877
10969
11075
9775
7219
5879
4091
3595
6245
8447
9302
8552
9300
8878
8236
7428
8096
7740
8428
8466
8820
9334
9266
9606
8708
8020
8620
8492
8212
9162
9760
9534
8580
7744
6204
7556
8302
9010
8464
7758
7850
8620
8834
8874
9696
8744
8736
8406
8494
7832
7894
8252
7692
6920
5642
5910
7834
9488
10428
10410
9504
8214
6412
4442
3638
6394
8304
9248
10292
9204
8274
7034
7870
8718
9073
9859
10819
10455
9196
7654
7024
7680
7053
8327
9105
9251
8067
8827
8595
8269
8009
7899
9029
9870
10345
10637
10034
8464
7314
6147
5607
6249
6391
8428
9384
9434
9220
8776
8263
7139
6537
6791
8573
9355
9384
9217
8679
9223
8782
6958
6844
8766
9812
11322
11990
11210
9272
7152
6464
7416
8878
10036
10344
10167
9258
7698
7668
8710
9649
9542
9434
9590
9341
8527
7797
6977
6971
7917
9483
9517
8688
8526
9004
9684
9688
9506
10342
10654
10536
10016
9884
8818
8892
8616
7428
7200
8632
9578
9038
8372
8776
9446
9538
8988
8640
10446
10358
10292
9418
7658
7484
6628
6070
6328
7215
8700
10075
9798
8388
6992
7222
7932
8073
9429
10673
10848
10262
9714
8150
7394
5106
5137
6839
8686
9870
9860
8758
9034
7584
5938
5144
8413
9663
9649
9661
9751
9889
9906
9538
7662
7328
6093
6431
7945
9647
10459
10221
9083
9232
8784
7682
7441
8385
8289
8895
9204
9406
9215
8339
8455
8056
7928
8940
9910
9212
9382
8844
8992
8778
7638
6748
5550
6962
8568
9126
8314
8870
9672
10994
10884
9376
7736
6748
7462
7738
7544
7446
8460
9050
8836
7882
5940
4915
5987
8874
10250
10299
9303
9485
9383
8317
7092
6844
6924
6686
7670
8544
8756
8316
7358
6523
5613
6712
7764
7650
8182
7506
7770
7896
7542
7518
7860
7510
7878
7416
7178
6962
8348
8922
8298
7666
6562
5742
6348
7484
8106
9152
9890
10113
9767
8555
7310
6113
4815
5673
7331
7590
8086
7898
7472
6496
4613
3793
4783
6665
7867
8655
7999
7703
7541
6781
6501
6193
5009
5389
6253
7421
8021
8649
8957
8671
7383
5405
4393
4584
6089
7725
7807
7897
8589
8893
8124
7026
5106
4776
5814
7094
7952
7960
7893
7200
6400
5886
6628
7012
6604
5668
6274
7340
6544
5596
6556
8008
9146
8902
7110
7102
8002
8624
8740
6986
6070
6144
6807
7867
7905
6915
6528
7206
6446
5988
7693
8953
9445
10227
9484
6710
4346
3032
4297
5161
6709
7739
8003
8314
7768
7604
6548
6412
6614
7396
9370
8778
8320
8532
8938
9216
8628
8190
8173
8326
8371
8093
7637
7257
7638
7564
7120
6993
6333
6265
5527
6241
7092
7702
8580
8798
7846
7384
6827
7295
6458
5590
7656
8568
8698
8080
7856
8204
8876
8382
7796
6314
6836
7392
8072
7864
8232
8492
9468
9310
8318
7250
5800
6038
6652
6610
6200
5277
6045
6771
7373
6449
4197
2860
5256
7689
8835
8765
7669
7144
7180
7252
6094
3947
5053
6961
8567
8655
7615
7280
7370
6698
4873
4337
5457
6719
7643
8329
7813
7577
7027
6283
5617
4104
3740
3542
5321
6562
7120
6284
4808
4394
4546
5550
6730
7855
8419
7205
5731
6073
5859
6428
6383
6195
6919
8053
9297
9847
8523
7829
6425
5095
4899
6133
7257
8141
8279
8107
8627
8585
7749
7465
6971
6472
5356
5230
4604
5183
6565
7221
6675
6933
6737
6115
5085
5513
6697
7262
7758
7564
7444
7222
7168
6871
5335
5729
6193
6721
5805
4765
5979
6526
5738
4045
3141
4821
6863
7948
8234
7546
6942
6067
5237
5197
5320
5990
7367
7867
8615
8269
7414
7068
7368
7246
6796
5451
5721
6251
6745
8293
9112
9308
9858
9106
7206
6168
4460
3514
4738
6040
7072
7502
6842
6332
6510
5546
4226
5166
6188
6676
6880
7480
7766
7990
7550
7550
6448
5684
4406
4566
5568
6880
7686
7640
6402
6226
5803
5335
4829
5773
6767
7234
6858
6018
6358
6853
7346
7944
7746
6604
6490
5304
4874
4702
5936
6532
6302
5946
5534
4360
5042
4938
5504
6494
7262
7870
7350
6328
5120
3004
2878
4080
5494
6800
6324
5984
5588
4434
4006
3617
4418
6040
6434
6626
5992
5858
5624
6546
6714
6956
5732
5673
5844
6248
6672
6708
6016
5198
4264
4350
4384
4458
5012
5790
5724
5664
7026
7706
7960
6870
5542
3930
4346
5006
5356
7202
7700
7458
6584
5666
5495
4307
2801
3803
5608
7690
8787
8717
8015
7439
5674
5124
4510
5536
6715
8020
8826
8688
8028
6962
6078
5626
4628
6018
6976
7806
8390
8404
8064
6514
5310
4600
4290
5338
6854
7316
7522
6668
6366
6194
5000
4614
4712
6402
7470
7898
8360
8734
8222
7763
6101
6075
6029
5771
6523
7130
7794
7811
8503
7925
7051
7733
7113
6312
7104
7912
7942
7724
8612
8781
9941
9949
8999
7767
8340
8208
8816
9176
9295
9391
9337
8861
8256
7884
7698
7372
7228
6610
7526
8656
10116
9794
8264
6946
5348
4930
5174
5480
6088
6344
7144
7988
8010
7178
5524
4906
6164
6830
7252
7774
7996
7960
6728
6486
4876
4664
4304
5498
6250
5866
6096
5662
4272
4312
5404
6764
7210
7084
7176
7764
6510
6248
5360
5588
6646
6664
7012
7208
6488
6168
5868
5156
5250
6072
6252
5956
5982
6030
5532
5960
6154
5834
6154
6130
6600
6126
5256
4542
4802
5220
5224
5060
5408
5025
5281
7061
8103
8028
6482
5056
4534
4767
5160
5690
5852
6216
6730
7082
6200
6262
6580
6204
6308
6814
7114
6727
6471
6845
6907
7407
7116
7726
7804
7716
6486
5708
6956
7074
6729
6233
6002
7612
8556
9298
8944
7698
6008
5050
4498
5338
6868
7480
8098
8896
8886
7830
6454
6028
6192
8076
8100
7982
7280
7640
8156
8347
8356
7086
5922
5232
5682
5614
5826
6302
6369
6337
6593
8185
9078
8622
6548
6144
6528
7838
8900
8618
7978
6980
6410
6766
7424
7604
7722
7676
6548
5110
5046
5394
7664
8786
8760
8232
7162
6260
7014
6632
6534
5968
6612
8116
8540
8369
8355
7151
6881
7127
6777
8341
8784
8530
9599
8961
8233
8579
8099
7769
7737
8539
8333
8083
7831
7175
7147
7473
6837
7291
7119
6421
7587
8171
8835
8055
6931
6378
6308
6204
6182
6672
7262
